000000000000000000000000000000000000000000000000000000000000000000000000000000000000000000000000000000000000000000000000000000000000000000000000000000000000000000000000000000000000000000000000000000000000000000000000
000000000000000000000000000000000000000000000000000000000000000000000000000000000000000000000000000000000000000000000000000000000000000000000000000000000000000000000000000000000000000000000000000000000000000000000000
000000000000000000000000000000000000000000000000000000000000000000000000000000000000000000000000000000000000000000000000000000000000000000000000000000000000000000000000000000000000000000000000000000000000000000000000
000000000000000000000000000000000000000000000000000000000000000000000000000000000000000000000000000000000000000000000000000000000000000000000000000000000000000000000000000000000000000000000000000000000000000000000000
000000000000000000000000000000000000000000000000000000000000000000000000000000000000000000000000000000000000000000000000000000000000000000000000000000000000000000000000000000000000000000000000000000000000000000000000
000000000000000000000000000000000000000000000000000000000000000000000000000000000000000000000000000000000000000000000000000000000000000000000000000000000000000000000000000000000000000000000000000000000000000000000000
000000000000000000000000000000000000000000000000000000000000000000000000000000000000000000000000000000000000000000000000000000000000000000000000000000000000000000000000000000000000000000000000000000000000000000000000
000000000000000000000000000000000000000000000000000000000000000000000000000000000000000000000000000000000000000000000000000000000000000000000000000000000000000000000000000000000000000000000000000000000000000000000000
000000000000000000000000000000000000000000000000000000000000000000000000000000000000000000000000000000000000000000000000000000000000000000000000000000000000000000000000000000000000000000000000000000000000000000000000
000000000000000000000000000000000000000000000000000000000000000000000000000000000000000000000000000000000000000000000000000000000000000000000000000000000000000000000000000000000000000000000000000000000000000000000000
000000000000000000000000000000000000000000000000000000000000000000000000000000000000000000000000000000000000000000000000000000000000000000000000000000000000000000000000000000000000000000000000000000000000000000000000
000000000000000000000000000000000000000000000000000000000000000000000000000000000000000000000000000000000000000000000000000000000000000000000000000000000000000000000000000000000000000000000000000000000000000000000000
000000000000000000000000000000000000000000000000000000000000000000000000000000000000000000000000000000000000000000000000000000000000000000000000000000000000000000000000000000000000000000000000000000000000000000000000
111111111111111111111111111111111111111111111111111111111111111111111111111111111111111111111111111111111111111111111111111111111111111111111111111111111111111111111111111111111111111111111111111111111111111111111111
111111111111111111111111111111111111111111111111111111111111111111111111111111111111111111111111111111111111111111111111111111111111111111111111111111111111111111111111111111111111111111111111111111111111111111111111
111111111111111111111111111111111111111111111111111111111111111111111111111111111111111111111111111111111111111111111111111111111111111111111111111111111111111111111111111111111111111111111111111111111111111111111111
111111111111111111111111111111111111111111111111111111111111111111111111111111111111111111111111111111111111111111111111111111111111111111111111111111111111111111111111111111111111111111111111111111111111111111111111
111111111111111111111111111111111111111111111111111111111111111111111111111111111111111111111111111111111111111111111111111111111111111111111111111111111111111111111111111111111111111111111111111111111111111111111111
111111111111111111111111111111111111111111111111111111111111111111111111111111111111111111111111111111111111111111111111111111111111111111111111111111111111111111111111111111111111111111111111111111111111111111111111
111111111111111111111111111111111111111111111111111111111111111111111111111111111111111111111111111111111111111111111111111111111111111111111111111111111111111111111111111111111111111111111111111111111111111111111111
111111111111111111111111111111111111111111111111111111111111111111111111111111111111111111111111111111111111111111111111111111111111111111111111111111111111111111111111111111111111111111111111111111111111111111111111
111111111111111111111111111111111111111111111111111111111111111111111111111111111111111111111111111111111111111111111111111111111111111111111111111111111111111111111111111111111111111111111111111111111111111111111111
111111111111111111111111111111111111111111111111111111111111111111111111111111111111111111111111111111111111111111111111111111111111111111111111111111111111111111111111111111111111111111111111111111111111111111111111
111111111111111111111111111111111111111111111111111111111111111111111111111111111111111111111111111111111111111111111111111111111111111111111111111111111111111111111111111111111111111111111111111111111111111111111111
111111111111111111111111111111111111111111111111111111111111111111111111111111111111111111111111111111111111111111111111111111111111111111111111111111111111111111111111111111111111111111111111111111111111111111111111
111111111111111111111111111111111111111111111111111111111111111111111111111111111111111111111111111111111111111111111111111111111111111111111111111111111111111111111111111111111111111111111111111111111111111111111111
111111111111111111111111111111111111111111111111111111111111111111111111111111111111111111111111111111111111111111111111111111111111111111111111111111111111111111111111111111111111111111111111111111111111111111111111
111111111111111111111111111111111111111111111111111111111111111111111111111111111111111111111111111111111111111111111111111111111111111111111111111111111111111111111111111111111111111111111111111111111111111111111111
111111111111111111111111111111111111111111111111111111111111111111111111111111111111111111111111111111111111111111111111111111111111111111111111111111111111111111111111111111111111111111111111111111111111111111111111
111111111111111111111111111111111111111111111111111111111111111111111111111111111111111111111111111111111111111111111111111111111111111111111111111111111111111111111111111111111111111111111111111111111111111111111111
111111111111111111111111111111111111111111111111111111111111111111111111111111111111111111111111111111111111111111111111111111111111111111111111111111111111111111111111111111111111111111111111111111111111111111111111
000000000000000000000000000000000000000000000000000000000000000000000000000000000000000000000000111111111111111111111111000000000000000000000000000000000000000000000000000000000000000000000000000000000000000000000000
000000000000000000000000000000000000000000000000000000000000000000000000000000000000000000000000111111111111111111111111000000000000000000000000000000000000000000000000000000000000000000000000000000000000000000000000
000000000000000000000000000000000000000000000000000000000000000000000000000000000000000000000000111111111111111111111111000000000000000000000000000000000000000000000000000000000000000000000000000000000000000000000000
000000000000000000000000000000000000000000000000000000000000000000000000000000000000000000000000111111111111111111111111000000000000000000000000000000000000000000000000000000000000000000000000000000000000000000000000
000000000000000000000000000000000000000000000000000000000000000000000000000000000000000000000000111111111111111111111111000000000000000000000000000000000000000000000000000000000000000000000000000000000000000000000000
000000000000000000000000000000000000000000000000000000000000000000000000000000000000000000000000111111111111111111111111000000000000000000000000000000000000000000000000000000000000000000000000000000000000000000000000
000000000000000000000000000000000000000000000000000000000000000000000000000000000000000000000000111111111111111111111111000000000000000000000000000000000000000000000000000000000000000000000000000000000000000000000000
000000000000000000000000000000000000000000000000000000000000000000000000000000000000000000000000111111111111111111111111000000000000000000000000000000000000000000000000000000000000000000000000000000000000000000000000
000000000000000000000000000000000000000000000000000000000000000000000000000000000000000000000000111111111111111111111111000000000000000000000000000000000000000000000000000000000000000000000000000000000000000000000000
000000000000000000000000000000000000000000000000000000000000000000000000000000000000000000000000111111111111111111111111000000000000000000000000000000000000000000000000000000000000000000000000000000000000000000000000
000000000000000000000000000000000000000000000000000000000000000000000000000000000000000000000000111111111111111111111111000000000000000000000000000000000000000000000000000000000000000000000000000000000000000000000000
000000000000000000000000000000000000000000000000000000000000000000000000000000000000000000000000111111111111111111111111000000000000000000000000000000000000000000000000000000000000000000000000000000000000000000000000
000000000000000000000000000000000000000000000000000000000000000000000002222222222222222222200000111111111111111111111111000004444444444444444444400000000000000000000000000000000000000000000000000000000000000000000000
000000000000000000000000000000000000000000000000000000000000000000000002222222222222222222200000111111111111111111111111000004444444444444444444400000000000000000000000000000000000000000000000000000000000000000000000
000000000000000000000000000000000000000000000000000000000000000000000002222222222222222222200000111111111111111111111111000004444444444444444444400000000000000000000000000000000000000000000000000000000000000000000000
000000000000000000000000000000000000000000000000000000000000000000000002222222222222222222200000111111111111111111111111000004444444444444444444400000000000000000000000000000000000000000000000000000000000000000000000
000000000000000000000000000000000000000000000000000000000000000000000002222222222222222222200000111111111111111111111111000004444444444444444444400000000000000000000000000000000000000000000000000000000000000000000000
000000000000000000000000000000000000000000333333333333333333333333000002222222222222222222200000111111111111111111111111000004444444444444444444400000333333333333333333333333000000000000000000000000000000000000000000
000000000000000000000000000000000000000000333333333333333333333333000002222222222222222222200000111111111111111111111111000004444444444444444444400000333333333333333333333333000000000000000000000000000000000000000000
000000000000000000000000000000000000000000333333333333333333333333000002222222222222222222200000111111111111111111111111000004444444444444444444400000333333333333333333333333000000000000000000000000000000000000000000
000000000000000000000000000000000000000000333333333333333333333333000002222222222222222222200000111111111111111111111111000004444444444444444444400000333333333333333333333333000000000000000000000000000000000000000000
000000000000000000000000000000000000000000333333333333333333333333000002222222222222222222200000111111111111111111111111000004444444444444444444400000333333333333333333333333000000000000000000000000000000000000000000
000000000000000000000000000000000000000000333333333333333333333333000002222222222222222222200000111111111111111111111111000004444444444444444444400000333333333333333333333333000000000000000000000000000000000000000000
000000000000000000000000000000000000000000333333333333333333333333000002222222222222222222200000111111111111111111111111000004444444444444444444400000333333333333333333333333000000000000000000000000000000000000000000
000000000000000000000000000000000000000000333333333333333333333333000002222222222222222222200000111111111111111111111111000004444444444444444444400000333333333333333333333333000000000000000000000000000000000000000000
000000000000000000000000000000000000000000333333333333333333333333000002222222222222222222200000111111111111111111111111000004444444444444444444400000333333333333333333333333000000000000000000000000000000000000000000
000000000000000000000000000000000000000000333333333333333333333333000002222222222222222222200000111111111111111111111111000004444444444444444444400000333333333333333333333333000000000000000000000000000000000000000000
000000000000000000000000000000000000000000333333333333333333333333000002222222222222222222200000111111111111111111111111000004444444444444444444400000333333333333333333333333000000000000000000000000000000000000000000
000000000000000000000000000000000000000000333333333333333333333333000002222222222222222222200000111111111111111111111111000004444444444444444444400000333333333333333333333333000000000000000000000000000000000000000000
000000000000000000000000000000000000000000333333333333333333333333000002222222222222222222200000111111111111111111111111000004444444444444444444400000333333333333333333333333000000000000000000000000000000000000000000
000000000000000000000000000000000000000000333333333333333333333333000002222222222222222222200000111111111111111111111111000004444444444444444444400000333333333333333333333333000000000000000000000000000000000000000000
000000000000000000000000000000000000000000333333333333333333333333000002222222222222222222200000111111111111111111111111000004444444444444444444400000333333333333333333333333000000000000000000000000000000000000000000
000000000000000000000000000000000000000000333333333333333333333333000002222222222222222222200000111111111111111111111111000004444444444444444444400000333333333333333333333333000000000000000000000000000000000000000000
000000000000000000000000000000000000000000333333333333333333333333000002222222222222222222200000111111111111111111111111000004444444444444444444400000333333333333333333333333000000000000000000000000000000000000000000
000000000000000000000000000000000000000000333333333333333333333333000002222222222222222222200000111111111111111111111111000004444444444444444444400000333333333333333333333333000000000000000000000000000000000000000000
000000000000000000000000000000000000000000333333333333333333333333000002222222222222222222200000111111111111111111111111000004444444444444444444400000333333333333333333333333000000000000000000000000000000000000000000
000000000000000000000000000000000000000000333333333333333333333333000002222222222222222222200000111111111111111111111111000004444444444444444444400000333333333333333333333333000000000000000000000000000000000000000000
000000000000000000000000000000000000000000333333333333333333333333000002222222222222222222200000111111111111111111111111000004444444444444444444400000333333333333333333333333000000000000000000000000000000000000000000
000000000000000000000000000000000000000000333333333333333333333333000002222222222222222222200000111111111111111111111111000004444444444444444444400000333333333333333333333333000000000000000000000000000000000000000000
000000000000000000000000000000000000000000333333333333333333333333000002222222222222222222200000111111111111111111111111000004444444444444444444400000333333333333333333333333000000000000000000000000000000000000000000
000000000000000000000000000000000000000000333333333333333333333333000002222222222222222222200000111111111111111111111111000004444444444444444444400000333333333333333333333333000000000000000000000000000000000000000000
000000000000000000000000000000000000000000333333333333333333333333000002222222222222222222200000111111111111111111111111000004444444444444444444400000333333333333333333333333000000000000000000000000000000000000000000
000000000000000000000000000000000000000000333333333333333333333333000002222222222222222222200000111111111111111111111111000004444444444444444444400000333333333333333333333333000000000000000000000000000000000000000000
000000000000000000000000000000000000000000333333333333333333333333000002222222222222222222200000111111111111111111111111000004444444444444444444400000333333333333333333333333000000000000000000000000000000000000000000
000000000000000000000000000000000000000000333333333333333333333333000002222222222222222222200000111111111111111111111111000004444444444444444444400000333333333333333333333333000000000000000000000000000000000000000000
000000000000000000000000000000000000000000333333333333333333333333000002222222222222222222200000111111111111111111111111000004444444444444444444400000333333333333333333333333000000000000000000000000000000000000000000
000000000000000000000000000000000000000000333333333333333333333333000002222222222222222222200000111111111111111111111111000004444444444444444444400000333333333333333333333333000000000000000000000000000000000000000000
000000000000000000000000000000000000000000333333333333333333333333000002222222222222222222200000111111111111111111111111000004444444444444444444400000333333333333333333333333000000000000000000000000000000000000000000
000000000000000000000000000000000000000000333333333333333333333333000002222222222222222222200000111111111111111111111111000004444444444444444444400000333333333333333333333333000000000000000000000000000000000000000000
000000000000000000000000000000000000000000333333333333333333333333000002222222222222222222200000111111111111111111111111000004444444444444444444400000333333333333333333333333000000000000000000000000000000000000000000
000000000000000000000000000000000000000000333333333333333333333333000002222222222222222222200000111111111111111111111111000004444444444444444444400000333333333333333333333333000000000000000000000000000000000000000000
000000000000000000000000000000000000000000333333333333333333333333000002222222222222222222200000111111111111111111111111000004444444444444444444400000333333333333333333333333000000000000000000000000000000000000000000
000000000000000000000000000000000000000000333333333333333333333333000002222222222222222222200000111111111111111111111111000004444444444444444444400000333333333333333333333333000000000000000000000000000000000000000000
000000000000000000000000000000000000000000333333333333333333333333000002222222222222222222200000111111111111111111111111000004444444444444444444400000333333333333333333333333000000000000000000000000000000000000000000
000000000000000000000000000000000000000000333333333333333333333333000002222222222222222222200000111111111111111111111111000004444444444444444444400000333333333333333333333333000000000000000000000000000000000000000000
000000000000000000000000000000000000000000333333333333333333333333000002222222222222222222200000111111111111111111111111000004444444444444444444400000333333333333333333333333000000000000000000000000000000000000000000
000000000000000000000000000000000000000000333333333333333333333333000002222222222222222222200000111111111111111111111111000004444444444444444444400000333333333333333333333333000000000000000000000000000000000000000000
000000000000000000000000000000000000000000333333333333333333333333000002222222222222222222200000111111111111111111111111000004444444444444444444400000333333333333333333333333000000000000000000000000000000000000000000
000000000000000000000000000000000000000000333333333333333333333333000002222222222222222222200000111111111111111111111111000004444444444444444444400000333333333333333333333333000000000000000000000000000000000000000000
000000000000000000000000000000000000000000333333333333333333333333000002222222222222222222200000111111111111111111111111000004444444444444444444400000333333333333333333333333000000000000000000000000000000000000000000
000000000000000000000000000000000000000000333333333333333333333333000002222222222222222222200000111111111111111111111111000004444444444444444444400000333333333333333333333333000000000000000000000000000000000000000000
000000000000000000000000000000000000000000333333333333333333333333000002222222222222222222200000111111111111111111111111000004444444444444444444400000333333333333333333333333000000000000000000000000000000000000000000
000000000000000000000000000000000000000000333333333333333333333333000002222222222222222222200000111111111111111111111111000004444444444444444444400000333333333333333333333333000000000000000000000000000000000000000000
000000000000000000000000000000000000000000333333333333333333333333000002222222222222222222200000111111111111111111111111000004444444444444444444400000333333333333333333333333000000000000000000000000000000000000000000
000000000000000000000000000000000000000000333333333333333333333333000002222222222222222222200000111111111111111111111111000004444444444444444444400000333333333333333333333333000000000000000000000000000000000000000000
000000000000000000000000000000000000000000333333333333333333333333000002222222222222222222200000111111111111111111111111000004444444444444444444400000333333333333333333333333000000000000000000000000000000000000000000
000000000000000000000000000000000000000000333333333333333333333333000002222222222222222222200000111111111111111111111111000004444444444444444444400000333333333333333333333333000000000000000000000000000000000000000000
000000000000000000000000000000000000000000333333333333333333333333000002222222222222222222200000111111111111111111111111000004444444444444444444400000333333333333333333333333000000000000000000000000000000000000000000
000000000000000000000000000000000000000000333333333333333333333333000002222222222222222222200000111111111111111111111111000004444444444444444444400000333333333333333333333333000000000000000000000000000000000000000000
000000000000000000000000000000000000000000333333333333333333333333000002222222222222222222200000111111111111111111111111000004444444444444444444400000333333333333333333333333000000000000000000000000000000000000000000
000000000000000000000000000000000000000000333333333333333333333333000002222222222222222222200000111111111111111111111111000004444444444444444444400000333333333333333333333333000000000000000000000000000000000000000000
000000000000000000000000000000000000000000333333333333333333333333000002222222222222222222200000111111111111111111111111000004444444444444444444400000333333333333333333333333000000000000000000000000000000000000000000
000000000000000000000000000000000000000000333333333333333333333333000002222222222222222222200000111111111111111111111111000004444444444444444444400000333333333333333333333333000000000000000000000000000000000000000000
000000000000000000000000000000000000000000333333333333333333333333000002222222222222222222200000111111111111111111111111000004444444444444444444400000333333333333333333333333000000000000000000000000000000000000000000
000000000000000000000000000000000000000000333333333333333333333333000002222222222222222222200000111111111111111111111111000004444444444444444444400000333333333333333333333333000000000000000000000000000000000000000000
000000000000000000000000000000000000000000333333333333333333333333000002222222222222222222200000111111111111111111111111000004444444444444444444400000333333333333333333333333000000000000000000000000000000000000000000
000000000000000000000000000000000000000000333333333333333333333333000002222222222222222222200000111111111111111111111111000004444444444444444444400000333333333333333333333333000000000000000000000000000000000000000000
000000000000000000000000000000000000000000333333333333333333333333000002222222222222222222200000111111111111111111111111000004444444444444444444400000333333333333333333333333000000000000000000000000000000000000000000
000000000000000000000000000000000000000000333333333333333333333333000002222222222222222222200000111111111111111111111111000004444444444444444444400000333333333333333333333333000000000000000000000000000000000000000000
000000000000000000000000000000000000000000333333333333333333333333000002222222222222222222200000111111111111111111111111000004444444444444444444400000333333333333333333333333000000000000000000000000000000000000000000
000000000000000000000000000000000000000000333333333333333333333333000002222222222222222222200000111111111111111111111111000004444444444444444444400000333333333333333333333333000000000000000000000000000000000000000000
000000000000000000000000000000000000000000333333333333333333333333000002222222222222222222200000111111111111111111111111000004444444444444444444400000333333333333333333333333000000000000000000000000000000000000000000
000000000000000000000000000000000000000000333333333333333333333333000002222222222222222222200000111111111111111111111111000004444444444444444444400000333333333333333333333333000000000000000000000000000000000000000000
000000000000000000000000000000000000000000333333333333333333333333000002222222222222222222200000111111111111111111111111000004444444444444444444400000333333333333333333333333000000000000000000000000000000000000000000
000000000000000000000000000000000000000000333333333333333333333333000002222222222222222222200000111111111111111111111111000004444444444444444444400000333333333333333333333333000000000000000000000000000000000000000000
000000000000000000000000000000000000000000333333333333333333333333000002222222222222222222200000111111111111111111111111000004444444444444444444400000333333333333333333333333000000000000000000000000000000000000000000
000000000000000000000000000000000000000000333333333333333333333333000002222222222222222222200000111111111111111111111111000004444444444444444444400000333333333333333333333333000000000000000000000000000000000000000000
000000000000000000000000000000000000000000333333333333333333333333000002222222222222222222200000111111111111111111111111000004444444444444444444400000333333333333333333333333000000000000000000000000000000000000000000
000000000000000000000000000000000000000000333333333333333333333333000002222222222222222222200000111111111111111111111111000004444444444444444444400000333333333333333333333333000000000000000000000000000000000000000000
000000000000000000000000000000000000000000333333333333333333333333000002222222222222222222200000111111111111111111111111000004444444444444444444400000333333333333333333333333000000000000000000000000000000000000000000
000000000000000000000000000000000000000000333333333333333333333333000002222222222222222222200000111111111111111111111111000004444444444444444444400000333333333333333333333333000000000000000000000000000000000000000000
000000000000000000000000000000000000000000333333333333333333333333000002222222222222222222200000111111111111111111111111000004444444444444444444400000333333333333333333333333000000000000000000000000000000000000000000
000000000000000000000000000000000000000000333333333333333333333333000002222222222222222222200000111111111111111111111111000004444444444444444444400000333333333333333333333333000000000000000000000000000000000000000000
000000000000000000000000000000000000000000333333333333333333333333000002222222222222222222200000111111111111111111111111000004444444444444444444400000333333333333333333333333000000000000000000000000000000000000000000
000000000000000000000000000000000000000000333333333333333333333333000002222222222222222222200000111111111111111111111111000004444444444444444444400000333333333333333333333333000000000000000000000000000000000000000000
000000000000000000000000000000000000000000333333333333333333333333000002222222222222222222200000111111111111111111111111000004444444444444444444400000333333333333333333333333000000000000000000000000000000000000000000
000000000000000000000000000000000000000000333333333333333333333333000002222222222222222222200000111111111111111111111111000004444444444444444444400000333333333333333333333333000000000000000000000000000000000000000000
000000000000000000000000000000000000000000333333333333333333333333000002222222222222222222200000111111111111111111111111000004444444444444444444400000333333333333333333333333000000000000000000000000000000000000000000
000000000000000000000000000000000000000000000000000000000000000000000002222222222222222222200000111111111111111111111111000004444444444444444444400000000000000000000000000000000000000000000000000000000000000000000000
000000000000000000000000000000000000000000000000000000000000000000000002222222222222222222200000000000000000000000000000000004444444444444444444400000000000000000000000000000000000000000000000000000000000000000000000
000000000000000000000000000000000000000000000000000000000000000000000002222222222222222222200000000000000000000000000000000004444444444444444444400000000000000000000000000000000000000000000000000000000000000000000000
000000000000000000000000000000000000000000000000000000000000000000000002222222222222222222200000000000000000000000000000000004444444444444444444400000000000000000000000000000000000000000000000000000000000000000000000
000000000000000000000000000000000000000000000000000000000000000000000002222222222222222222200000000000000000000000000000000004444444444444444444400000000000000000000000000000000000000000000000000000000000000000000000
000000000000000000000000000000000000000000000000000000000000000000000002222222222222222222200000000000000000000000000000000004444444444444444444400000000000000000000000000000000000000000000000000000000000000000000000
000000000000000000000000000000000000000000000000000000000000000000000002222222222222222222200000000000000000000000000000000004444444444444444444400000000000000000000000000000000000000000000000000000000000000000000000
000000000000000000000000000000000000000000000000000000000000000000000002222222222222222222200000000000000000000000000000000004444444444444444444400000000000000000000000000000000000000000000000000000000000000000000000
000000000000000000000000000000000000000000000000000000000000000000000002222222222222222222200000000000000000000000000000000004444444444444444444400000000000000000000000000000000000000000000000000000000000000000000000
000000000000000000000000000000000000000000000000000000000000000000000002222222222222222222200000000000000000000000000000000004444444444444444444400000000000000000000000000000000000000000000000000000000000000000000000
000000000000000000000000000000000000000000000000000000000000000000000002222222222222222222200000000000000000000000000000000004444444444444444444400000000000000000000000000000000000000000000000000000000000000000000000
000000000000000000000000000000000000000000000000000000000000000000000002222222222222222222200000000000000000000000000000000004444444444444444444400000000000000000000000000000000000000000000000000000000000000000000000
000000000000000000000000000000000000000000000000000000000000000000000002222222222222222222200000000000000000000000000000000004444444444444444444400000000000000000000000000000000000000000000000000000000000000000000000
000000000000000000000000000000000000000000000000000000000000000000000002222222222222222222200000000000000000000000000000000004444444444444444444400000000000000000000000000000000000000000000000000000000000000000000000
000000000000000000000000000000000000000000000000000000000000000000000002222222222222222222200000000000000000000000000000000004444444444444444444400000000000000000000000000000000000000000000000000000000000000000000000
000000000000000000000000000000000000000000000000000000000000000000000002222222222222222222200000000000000000000000000000000004444444444444444444400000000000000000000000000000000000000000000000000000000000000000000000
000000000000000000000000000000000000000000000000000000000000000000000002222222222222222222200000000000000000000000000000000004444444444444444444400000000000000000000000000000000000000000000000000000000000000000000000
000000000000000000000000000000000000000000000000000000000000000000000002222222222222222222200000000000000000000000000000000004444444444444444444400000000000000000000000000000000000000000000000000000000000000000000000
000000000000000000000000000000000000000000000000000000000000000000000002222222222222222222200000000000000000000000000000000004444444444444444444400000000000000000000000000000000000000000000000000000000000000000000000
000000000000000000000000000000000000000000000000000000000000000000000002222222222222222222200000000000000000000000000000000004444444444444444444400000000000000000000000000000000000000000000000000000000000000000000000
000000000000000000000000000000000000000000000000000000000000000000000002222222222222222222200000000000000000000000000000000004444444444444444444400000000000000000000000000000000000000000000000000000000000000000000000
000000000000000000000000000000000000000000000000000000000000000000000002222222222222222222200000000000000000000000000000000004444444444444444444400000000000000000000000000000000000000000000000000000000000000000000000
000000000000000000000000000000000000000000000000000000000000000000000002222222222222222222200000000000000000000000000000000004444444444444444444400000000000000000000000000000000000000000000000000000000000000000000000
000000000000000000000000000000000000000000000000000000000000000000000002222222222222222222200000000000000000000000000000000004444444444444444444400000000000000000000000000000000000000000000000000000000000000000000000
000000000000000000000000000000000000000000000000000000000000000000000002222222222222222222200000000000000000000000000000000004444444444444444444400000000000000000000000000000000000000000000000000000000000000000000000
000000000000000000000000000000000000000000000000000000000000000000000002222222222222222222200000000000000000000000000000000004444444444444444444400000000000000000000000000000000000000000000000000000000000000000000000
000000000000000000000000000000000000000000000000000000000000000000000002222222222222222222200000000000000000000000000000000004444444444444444444400000000000000000000000000000000000000000000000000000000000000000000000
000000000000000000000000000000000000000000000000000000000000000000000002222222222222222222200000000000000000000000000000000004444444444444444444400000000000000000000000000000000000000000000000000000000000000000000000
000000000000000000000000000000000000000000000000000000000000000000000002222222222222222222200000000000000000000000000000000004444444444444444444400000000000000000000000000000000000000000000000000000000000000000000000
000000000000000000000000000000000000000000000000000000000000000000000002222222222222222222200000000000000000000000000000000004444444444444444444400000000000000000000000000000000000000000000000000000000000000000000000
000000000000000000000000000000000000000000000000000000000000000000000002222222222222222222200000000000000000000000000000000004444444444444444444400000000000000000000000000000000000000000000000000000000000000000000000
000000000000000000000000000000000000000000000000000000000000000000000002222222222222222222200000000000000000000000000000000004444444444444444444400000000000000000000000000000000000000000000000000000000000000000000000
000000000000000000000000000000000000000000000000000000000000000000000002222222222222222222200000000000000000000000000000000004444444444444444444400000000000000000000000000000000000000000000000000000000000000000000000
000000000000000000000000000000000000000000000000000000000000000000000002222222222222222222200000000000000000000000000000000004444444444444444444400000000000000000000000000000000000000000000000000000000000000000000000
000000000000000000000000000000000000000000000000000000000000000000000002222222222222222222200000000000000000000000000000000004444444444444444444400000000000000000000000000000000000000000000000000000000000000000000000
000000000000000000000000000000000000000000000000000000000000000000000002222222222222222222200000000000000000000000000000000004444444444444444444400000000000000000000000000000000000000000000000000000000000000000000000
000000000000000000000000000000000000000000000000000000000000000000000002222222222222222222200000000000000000000000000000000004444444444444444444400000000000000000000000000000000000000000000000000000000000000000000000
000000000000000000000000000000000000000000000000000000000000000000000002222222222222222222200000000000000000000000000000000004444444444444444444400000000000000000000000000000000000000000000000000000000000000000000000
000000000000000000000000000000000000000000000000000000000000000000000002222222222222222222200000000000000000000000000000000004444444444444444444400000000000000000000000000000000000000000000000000000000000000000000000
000000000000000000000000000000000000000000000000000000000000000000000002222222222222222222200000000000000000000000000000000004444444444444444444400000000000000000000000000000000000000000000000000000000000000000000000
000000000000000000000000000000000000000000000000000000000000000000000002222222222222222222200000000000000000000000000000000004444444444444444444400000000000000000000000000000000000000000000000000000000000000000000000
000000000000000000000000000000000000000000000000000000000000000000000002222222222222222222200000000000000000000000000000000004444444444444444444400000000000000000000000000000000000000000000000000000000000000000000000
000000000000000000000000000000000000000000000000000000000000000000000002222222222222222222200000000000000000000000000000000004444444444444444444400000000000000000000000000000000000000000000000000000000000000000000000
000000000000000000000000000000000000000000000000000000000000000000000002222222222222222222200000000000000000000000000000000004444444444444444444400000000000000000000000000000000000000000000000000000000000000000000000
000000000000000000000000000000000000000000000000000000000000000000000002222222222222222222200000000000000000000000000000000004444444444444444444400000000000000000000000000000000000000000000000000000000000000000000000
000000000000000000000000000000000000000000000000000000000000000000000002222222222222222222200000000000000000000000000000000004444444444444444444400000000000000000000000000000000000000000000000000000000000000000000000
000000000000000000000000000000000000000000000000000000000000000000000002222222222222222222200000000000000000000000000000000004444444444444444444400000000000000000000000000000000000000000000000000000000000000000000000
000000000000000000000000000000000000000000000000000000000000000000000002222222222222222222200000000000000000000000000000000004444444444444444444400000000000000000000000000000000000000000000000000000000000000000000000
000000000000000000000000000000000000000000000000000000000000000000000002222222222222222222200000000000000000000000000000000004444444444444444444400000000000000000000000000000000000000000000000000000000000000000000000
000000000000000000000000000000000000000000000000000000000000000000000002222222222222222222200000000000000000000000000000000004444444444444444444400000000000000000000000000000000000000000000000000000000000000000000000
000000000000000000000000000000000000000000000000000000000000000000000002222222222222222222200000000000000000000000000000000004444444444444444444400000000000000000000000000000000000000000000000000000000000000000000000
000000000000000000000000000000000000000000000000000000000000000000000002222222222222222222200000000000000000000000000000000004444444444444444444400000000000000000000000000000000000000000000000000000000000000000000000
000000000000000000000000000000000000000000000000000000000000000000000002222222222222222222200000000000000000000000000000000004444444444444444444400000000000000000000000000000000000000000000000000000000000000000000000
000000000000000000000000000000000000000000000000000000000000000000000002222222222222222222200000000000000000000000000000000004444444444444444444400000000000000000000000000000000000000000000000000000000000000000000000
000000000000000000000000000000000000000000333333333333333333333333000002222222222222222222200000555555555555555555555555000004444444444444444444400000666666666666666666666666000000000000000000000000000000000000000000
000000000000000000000000000000000000000000333333333333333333333333000002222222222222222222200000555555555555555555555555000004444444444444444444400000666666666666666666666666000000000000000000000000000000000000000000
000000000000000000000000000000000000000000333333333333333333333333000002222222222222222222200000555555555555555555555555000004444444444444444444400000666666666666666666666666000000000000000000000000000000000000000000
000000000000000000000000000000000000000000333333333333333333333333000002222222222222222222200000555555555555555555555555000004444444444444444444400000666666666666666666666666000000000000000000000000000000000000000000
000000000000000000000000000000000000000000333333333333333333333333000002222222222222222222200000555555555555555555555555000004444444444444444444400000666666666666666666666666000000000000000000000000000000000000000000
000000000000000000000000000000000000000000333333333333333333333333000002222222222222222222200000555555555555555555555555000004444444444444444444400000666666666666666666666666000000000000000000000000000000000000000000
000000000000000000000000000000000000000000333333333333333333333333000002222222222222222222200000555555555555555555555555000004444444444444444444400000666666666666666666666666000000000000000000000000000000000000000000
000000000000000000000000000000000000000000333333333333333333333333000002222222222222222222200000555555555555555555555555000004444444444444444444400000666666666666666666666666000000000000000000000000000000000000000000
000000000000000000000000000000000000000000333333333333333333333333000002222222222222222222200000555555555555555555555555000004444444444444444444400000666666666666666666666666000000000000000000000000000000000000000000
000000000000000000000000000000000000000000333333333333333333333333000002222222222222222222200000555555555555555555555555000004444444444444444444400000666666666666666666666666000000000000000000000000000000000000000000
000000000000000000000000000000000000000000333333333333333333333333000002222222222222222222200000555555555555555555555555000004444444444444444444400000666666666666666666666666000000000000000000000000000000000000000000
000000000000000000000000000000000000000000333333333333333333333333000002222222222222222222200000555555555555555555555555000004444444444444444444400000666666666666666666666666000000000000000000000000000000000000000000
000000000000000000000000000000000000000000333333333333333333333333000002222222222222222222200000555555555555555555555555000004444444444444444444400000666666666666666666666666000000000000000000000000000000000000000000
000000000000000000000000000000000000000000333333333333333333333333000002222222222222222222200000555555555555555555555555000004444444444444444444400000666666666666666666666666000000000000000000000000000000000000000000
000000000000000000000000000000000000000000333333333333333333333333000002222222222222222222200000555555555555555555555555000004444444444444444444400000666666666666666666666666000000000000000000000000000000000000000000
000000000000000000000000000000000000000000333333333333333333333333000002222222222222222222200000555555555555555555555555000004444444444444444444400000666666666666666666666666000000000000000000000000000000000000000000
000000000000000000000000000000000000000000333333333333333333333333000002222222222222222222200000555555555555555555555555000004444444444444444444400000666666666666666666666666000000000000000000000000000000000000000000
000000000000000000000000000000000000000000333333333333333333333333000002222222222222222222200000555555555555555555555555000004444444444444444444400000666666666666666666666666000000000000000000000000000000000000000000
000000000000000000000000000000000000000000333333333333333333333333000002222222222222222222200000555555555555555555555555000004444444444444444444400000666666666666666666666666000000000000000000000000000000000000000000
000000000000000000000000000000000000000000333333333333333333333333000002222222222222222222200000555555555555555555555555000004444444444444444444400000666666666666666666666666000000000000000000000000000000000000000000
000000000000000000000000000000000000000000333333333333333333333333000002222222222222222222200000555555555555555555555555000004444444444444444444400000666666666666666666666666000000000000000000000000000000000000000000
000000000000000000000000000000000000000000333333333333333333333333000002222222222222222222200000555555555555555555555555000004444444444444444444400000666666666666666666666666000000000000000000000000000000000000000000
000000000000000000000000000000000000000000333333333333333333333333000002222222222222222222200000555555555555555555555555000004444444444444444444400000666666666666666666666666000000000000000000000000000000000000000000
000000000000000000000000000000000000000000333333333333333333333333000002222222222222222222200000555555555555555555555555000004444444444444444444400000666666666666666666666666000000000000000000000000000000000000000000
000000000000000000000000000000000000000000333333333333333333333333000002222222222222222222200000555555555555555555555555000004444444444444444444400000666666666666666666666666000000000000000000000000000000000000000000
000000000000000000000000000000000000000000333333333333333333333333000002222222222222222222200000555555555555555555555555000004444444444444444444400000666666666666666666666666000000000000000000000000000000000000000000
000000000000000000000000000000000000000000333333333333333333333333000002222222222222222222200000555555555555555555555555000004444444444444444444400000666666666666666666666666000000000000000000000000000000000000000000
000000000000000000000000000000000000000000333333333333333333333333000002222222222222222222200000555555555555555555555555000004444444444444444444400000666666666666666666666666000000000000000000000000000000000000000000
000000000000000000000000000000000000000000333333333333333333333333000002222222222222222222200000555555555555555555555555000004444444444444444444400000666666666666666666666666000000000000000000000000000000000000000000
000000000000000000000000000000000000000000333333333333333333333333000002222222222222222222200000555555555555555555555555000004444444444444444444400000666666666666666666666666000000000000000000000000000000000000000000
000000000000000000000000000000000000000000333333333333333333333333000002222222222222222222200000555555555555555555555555000004444444444444444444400000666666666666666666666666000000000000000000000000000000000000000000
000000000000000000000000000000000000000000333333333333333333333333000002222222222222222222200000555555555555555555555555000004444444444444444444400000666666666666666666666666000000000000000000000000000000000000000000
000000000000000000000000000000000000000000333333333333333333333333000002222222222222222222200000555555555555555555555555000004444444444444444444400000666666666666666666666666000000000000000000000000000000000000000000
000000000000000000000000000000000000000000333333333333333333333333000002222222222222222222200000555555555555555555555555000004444444444444444444400000666666666666666666666666000000000000000000000000000000000000000000
000000000000000000000000000000000000000000333333333333333333333333000002222222222222222222200000555555555555555555555555000004444444444444444444400000666666666666666666666666000000000000000000000000000000000000000000
000000000000000000000000000000000000000000333333333333333333333333000002222222222222222222200000555555555555555555555555000004444444444444444444400000666666666666666666666666000000000000000000000000000000000000000000
000000000000000000000000000000000000000000333333333333333333333333000002222222222222222222200000555555555555555555555555000004444444444444444444400000666666666666666666666666000000000000000000000000000000000000000000
000000000000000000000000000000000000000000333333333333333333333333000002222222222222222222200000555555555555555555555555000004444444444444444444400000666666666666666666666666000000000000000000000000000000000000000000
000000000000000000000000000000000000000000333333333333333333333333000002222222222222222222200000555555555555555555555555000004444444444444444444400000666666666666666666666666000000000000000000000000000000000000000000
000000000000000000000000000000000000000000333333333333333333333333000002222222222222222222200000555555555555555555555555000004444444444444444444400000666666666666666666666666000000000000000000000000000000000000000000
000000000000000000000000000000000000000000333333333333333333333333000002222222222222222222200000555555555555555555555555000004444444444444444444400000666666666666666666666666000000000000000000000000000000000000000000
000000000000000000000000000000000000000000333333333333333333333333000002222222222222222222200000555555555555555555555555000004444444444444444444400000666666666666666666666666000000000000000000000000000000000000000000
000000000000000000000000000000000000000000333333333333333333333333000002222222222222222222200000555555555555555555555555000004444444444444444444400000666666666666666666666666000000000000000000000000000000000000000000
000000000000000000000000000000000000000000333333333333333333333333000002222222222222222222200000555555555555555555555555000004444444444444444444400000666666666666666666666666000000000000000000000000000000000000000000
000000000000000000000000000000000000000000333333333333333333333333000002222222222222222222200000555555555555555555555555000004444444444444444444400000666666666666666666666666000000000000000000000000000000000000000000
000000000000000000000000000000000000000000333333333333333333333333000002222222222222222222200000555555555555555555555555000004444444444444444444400000666666666666666666666666000000000000000000000000000000000000000000
000000000000000000000000000000000000000000333333333333333333333333000002222222222222222222200000555555555555555555555555000004444444444444444444400000666666666666666666666666000000000000000000000000000000000000000000
000000000000000000000000000000000000000000333333333333333333333333000002222222222222222222200000555555555555555555555555000004444444444444444444400000666666666666666666666666000000000000000000000000000000000000000000
000000000000000000000000000000000000000000333333333333333333333333000002222222222222222222200000555555555555555555555555000004444444444444444444400000666666666666666666666666000000000000000000000000000000000000000000
000000000000000000000000000000000000000000333333333333333333333333000002222222222222222222200000555555555555555555555555000004444444444444444444400000666666666666666666666666000000000000000000000000000000000000000000
000000000000000000000000000000000000000000333333333333333333333333000002222222222222222222200000555555555555555555555555000004444444444444444444400000666666666666666666666666000000000000000000000000000000000000000000
000000000000000000000000000000000000000000333333333333333333333333000002222222222222222222200000555555555555555555555555000004444444444444444444400000666666666666666666666666000000000000000000000000000000000000000000
000000000000000000000000000000000000000000333333333333333333333333000002222222222222222222200000555555555555555555555555000004444444444444444444400000666666666666666666666666000000000000000000000000000000000000000000
000000000000000000000000000000000000000000333333333333333333333333000002222222222222222222200000555555555555555555555555000004444444444444444444400000666666666666666666666666000000000000000000000000000000000000000000
000000000000000000000000000000000000000000333333333333333333333333000002222222222222222222200000555555555555555555555555000004444444444444444444400000666666666666666666666666000000000000000000000000000000000000000000
000000000000000000000000000000000000000000333333333333333333333333000002222222222222222222200000555555555555555555555555000004444444444444444444400000666666666666666666666666000000000000000000000000000000000000000000
000000000000000000000000000000000000000000333333333333333333333333000002222222222222222222200000555555555555555555555555000004444444444444444444400000666666666666666666666666000000000000000000000000000000000000000000
000000000000000000000000000000000000000000333333333333333333333333000002222222222222222222200000555555555555555555555555000004444444444444444444400000666666666666666666666666000000000000000000000000000000000000000000
000000000000000000000000000000000000000000333333333333333333333333000002222222222222222222200000555555555555555555555555000004444444444444444444400000666666666666666666666666000000000000000000000000000000000000000000
000000000000000000000000000000000000000000333333333333333333333333000002222222222222222222200000555555555555555555555555000004444444444444444444400000666666666666666666666666000000000000000000000000000000000000000000
000000000000000000000000000000000000000000333333333333333333333333000002222222222222222222200000555555555555555555555555000004444444444444444444400000666666666666666666666666000000000000000000000000000000000000000000
000000000000000000000000000000000000000000333333333333333333333333000002222222222222222222200000555555555555555555555555000004444444444444444444400000666666666666666666666666000000000000000000000000000000000000000000
000000000000000000000000000000000000000000333333333333333333333333000002222222222222222222200000555555555555555555555555000004444444444444444444400000666666666666666666666666000000000000000000000000000000000000000000
000000000000000000000000000000000000000000333333333333333333333333000002222222222222222222200000555555555555555555555555000004444444444444444444400000666666666666666666666666000000000000000000000000000000000000000000
000000000000000000000000000000000000000000333333333333333333333333000002222222222222222222200000555555555555555555555555000004444444444444444444400000666666666666666666666666000000000000000000000000000000000000000000
000000000000000000000000000000000000000000333333333333333333333333000002222222222222222222200000555555555555555555555555000004444444444444444444400000666666666666666666666666000000000000000000000000000000000000000000
000000000000000000000000000000000000000000333333333333333333333333000002222222222222222222200000555555555555555555555555000004444444444444444444400000666666666666666666666666000000000000000000000000000000000000000000
000000000000000000000000000000000000000000333333333333333333333333000002222222222222222222200000555555555555555555555555000004444444444444444444400000666666666666666666666666000000000000000000000000000000000000000000
000000000000000000000000000000000000000000333333333333333333333333000002222222222222222222200000555555555555555555555555000004444444444444444444400000666666666666666666666666000000000000000000000000000000000000000000
000000000000000000000000000000000000000000333333333333333333333333000002222222222222222222200000555555555555555555555555000004444444444444444444400000666666666666666666666666000000000000000000000000000000000000000000
000000000000000000000000000000000000000000333333333333333333333333000002222222222222222222200000555555555555555555555555000004444444444444444444400000666666666666666666666666000000000000000000000000000000000000000000
000000000000000000000000000000000000000000333333333333333333333333000002222222222222222222200000555555555555555555555555000004444444444444444444400000666666666666666666666666000000000000000000000000000000000000000000
000000000000000000000000000000000000000000333333333333333333333333000002222222222222222222200000555555555555555555555555000004444444444444444444400000666666666666666666666666000000000000000000000000000000000000000000
000000000000000000000000000000000000000000333333333333333333333333000002222222222222222222200000555555555555555555555555000004444444444444444444400000666666666666666666666666000000000000000000000000000000000000000000
000000000000000000000000000000000000000000333333333333333333333333000002222222222222222222200000555555555555555555555555000004444444444444444444400000666666666666666666666666000000000000000000000000000000000000000000
000000000000000000000000000000000000000000333333333333333333333333000002222222222222222222200000555555555555555555555555000004444444444444444444400000666666666666666666666666000000000000000000000000000000000000000000
000000000000000000000000000000000000000000333333333333333333333333000002222222222222222222200000555555555555555555555555000004444444444444444444400000666666666666666666666666000000000000000000000000000000000000000000
000000000000000000000000000000000000000000333333333333333333333333000002222222222222222222200000555555555555555555555555000004444444444444444444400000666666666666666666666666000000000000000000000000000000000000000000
000000000000000000000000000000000000000000333333333333333333333333000002222222222222222222200000555555555555555555555555000004444444444444444444400000666666666666666666666666000000000000000000000000000000000000000000
000000000000000000000000000000000000000000333333333333333333333333000002222222222222222222200000555555555555555555555555000004444444444444444444400000666666666666666666666666000000000000000000000000000000000000000000
000000000000000000000000000000000000000000333333333333333333333333000002222222222222222222200000555555555555555555555555000004444444444444444444400000666666666666666666666666000000000000000000000000000000000000000000
000000000000000000000000000000000000000000000000000000000000000000000002222222222222222222200000000000000000000000000000000004444444444444444444400000666666666666666666666666000000000000000000000000000000000000000000
000000000000000000000000000000000000000000000000000000000000000000000002222222222222222222200000000000000000000000000000000004444444444444444444400000666666666666666666666666000000000000000000000000000000000000000000
000000000000000000000000000000000000000000000000000000000000000000000002222222222222222222200000000000000000000000000000000004444444444444444444400000666666666666666666666666000000000000000000000000000000000000000000
000000000000000000000000000000000000000000000000000000000000000000000002222222222222222222200000000000000000000000000000000004444444444444444444400000666666666666666666666666000000000000000000000000000000000000000000
000000000000000000000000000000000000000000000000000000000000000000000002222222222222222222200000000000000000000000000000000004444444444444444444400000666666666666666666666666000000000000000000000000000000000000000000
000000000000000000000000000000000000000000000000000000000000000000000002222222222222222222200000000000000000000000000000000004444444444444444444400000666666666666666666666666000000000000000000000000000000000000000000
000000000000000000000000000000000000000000000000000000000000000000000000000000000000000000000000000000000000000000000000000000000000000000000000000000666666666666666666666666000000000000000000000000000000000000000000
000000000000000000000000000000000000000000000000000000000000000000000000000000000000000000000000000000000000000000000000000000000000000000000000000000666666666666666666666666000000000000000000000000000000000000000000
000000000000000000000000000000000000000000000000000000000000000000000000000000000000000000000000000000000000000000000000000000000000000000000000000000666666666666666666666666000000000000000000000000000000000000000000
000000000000000000000000000000000000000000000000000000000000000000000000000000000000000000000000000000000000000000000000000000000000000000000000000000666666666666666666666666000000000000000000000000000000000000000000
000000000000000000000000000000000000000000000000000000000000000000000000000000000000000000000000000000000000000000000000000000000000000000000000000000666666666666666666666666000000000000000000000000000000000000000000
000000000000000000000000000000000000000000000000000000000000000000000000000000000000000000000000000000000000000000000000000000000000000000000000000000666666666666666666666666000000000000000000000000000000000000000000
000000000000000000000000000000000000000000000000000000000000000000000000000000000000000000000000000000000000000000000000000000000000000000000000000000666666666666666666666666000000000000000000000000000000000000000000
000000000000000000000000000000000000000000000000000000000000000000000000000000000000000000000000000000000000000000000000000000000000000000000000000000666666666666666666666666000000000000000000000000000000000000000000
000000000000000000000000000000000000000000000000000000000000000000000000000000000000000000000000000000000000000000000000000000000000000000000000000000666666666666666666666666000000000000000000000000000000000000000000
000000000000000000000000000000000000000000000000000000000000000000000000000000000000000000000000000000000000000000000000000000000000000000000000000000666666666666666666666666000000000000000000000000000000000000000000
000000000000000000000000000000000000000000000000000000000000000000000000000000000000000000000000000000000000000000000000000000000000000000000000000000666666666666666666666666000000000000000000000000000000000000000000
000000000000000000000000000000000000000000000000000000000000000000000000000000000000000000000000000000000000000000000000000000000000000000000000000000666666666666666666666666000000000000000000000000000000000000000000
000000000000000000000000000000000000000000000000000000000000000000000000000000000000000000000000000000000000000000000000000000000000000000000000000000666666666666666666666666000000000000000000000000000000000000000000
666666666666666666666666666666666666666666666666666666666666666666666666666666666666666666666666666666666666666666666666666666666666666666666666666666666666666666666666666666666666666666666666666666666666666666666666
666666666666666666666666666666666666666666666666666666666666666666666666666666666666666666666666666666666666666666666666666666666666666666666666666666666666666666666666666666666666666666666666666666666666666666666666
666666666666666666666666666666666666666666666666666666666666666666666666666666666666666666666666666666666666666666666666666666666666666666666666666666666666666666666666666666666666666666666666666666666666666666666666
666666666666666666666666666666666666666666666666666666666666666666666666666666666666666666666666666666666666666666666666666666666666666666666666666666666666666666666666666666666666666666666666666666666666666666666666
666666666666666666666666666666666666666666666666666666666666666666666666666666666666666666666666666666666666666666666666666666666666666666666666666666666666666666666666666666666666666666666666666666666666666666666666
666666666666666666666666666666666666666666666666666666666666666666666666666666666666666666666666666666666666666666666666666666666666666666666666666666666666666666666666666666666666666666666666666666666666666666666666
666666666666666666666666666666666666666666666666666666666666666666666666666666666666666666666666666666666666666666666666666666666666666666666666666666666666666666666666666666666666666666666666666666666666666666666666
666666666666666666666666666666666666666666666666666666666666666666666666666666666666666666666666666666666666666666666666666666666666666666666666666666666666666666666666666666666666666666666666666666666666666666666666
666666666666666666666666666666666666666666666666666666666666666666666666666666666666666666666666666666666666666666666666666666666666666666666666666666666666666666666666666666666666666666666666666666666666666666666666
666666666666666666666666666666666666666666666666666666666666666666666666666666666666666666666666666666666666666666666666666666666666666666666666666666666666666666666666666666666666666666666666666666666666666666666666
666666666666666666666666666666666666666666666666666666666666666666666666666666666666666666666666666666666666666666666666666666666666666666666666666666666666666666666666666666666666666666666666666666666666666666666666
666666666666666666666666666666666666666666666666666666666666666666666666666666666666666666666666666666666666666666666666666666666666666666666666666666666666666666666666666666666666666666666666666666666666666666666666
666666666666666666666666666666666666666666666666666666666666666666666666666666666666666666666666666666666666666666666666666666666666666666666666666666666666666666666666666666666666666666666666666666666666666666666666
666666666666666666666666666666666666666666666666666666666666666666666666666666666666666666666666666666666666666666666666666666666666666666666666666666666666666666666666666666666666666666666666666666666666666666666666
666666666666666666666666666666666666666666666666666666666666666666666666666666666666666666666666666666666666666666666666666666666666666666666666666666666666666666666666666666666666666666666666666666666666666666666666
666666666666666666666666666666666666666666666666666666666666666666666666666666666666666666666666666666666666666666666666666666666666666666666666666666666666666666666666666666666666666666666666666666666666666666666666
666666666666666666666666666666666666666666666666666666666666666666666666666666666666666666666666666666666666666666666666666666666666666666666666666666666666666666666666666666666666666666666666666666666666666666666666
666666666666666666666666666666666666666666666666666666666666666666666666666666666666666666666666666666666666666666666666666666666666666666666666666666666666666666666666666666666666666666666666666666666666666666666666
000000000000000000000000000000000000000000000000000000000000000000000000000000000000000000000000000000000000000000000000000000000000000000000000000000000000000000000000000000000000000000000000000000000000000000000000
000000000000000000000000000000000000000000000000000000000000000000000000000000000000000000000000000000000000000000000000000000000000000000000000000000000000000000000000000000000000000000000000000000000000000000000000
000000000000000000000000000000000000000000000000000000000000000000000000000000000000000000000000000000000000000000000000000000000000000000000000000000000000000000000000000000000000000000000000000000000000000000000000
000000000000000000000000000000000000000000000000000000000000000000000000000000000000000000000000000000000000000000000000000000000000000000000000000000000000000000000000000000000000000000000000000000000000000000000000
000000000000000000000000000000000000000000000000000000000000000000000000000000000000000000000000000000000000000000000000000000000000000000000000000000000000000000000000000000000000000000000000000000000000000000000000
000000000000000000000000000000000000000000000000000000000000000000000000000000000000000000000000000000000000000000000000000000000000000000000000000000000000000000000000000000000000000000000000000000000000000000000000
000000000000000000000000000000000000000000000000000000000000000000000000000000000000000000000000000000000000000000000000000000000000000000000000000000000000000000000000000000000000000000000000000000000000000000000000
000000000000000000000000000000000000000000000000000000000000000000000000000000000000000000000000000000000000000000000000000000000000000000000000000000000000000000000000000000000000000000000000000000000000000000000000
000000000000000000000000000000000000000000000000000000000000000000000000000000000000000000000000000000000000000000000000000000000000000000000000000000000000000000000000000000000000000000000000000000000000000000000000
000000000000000000000000000000000000000000000000000000000000000000000000000000000000000000000000000000000000000000000000000000000000000000000000000000000000000000000000000000000000000000000000000000000000000000000000
000000000000000000000000000000000000000000000000000000000000000000000000000000000000000000000000000000000000000000000000000000000000000000000000000000000000000000000000000000000000000000000000000000000000000000000000
000000000000000000000000000000000000000000000000000000000000000000000000000000000000000000000000000000000000000000000000000000000000000000000000000000000000000000000000000000000000000000000000000000000000000000000000
000000000000000000000000000000000000000000000000000000000000000000000000000000000000000000000000000000000000000000000000000000000000000000000000000000000000000000000000000000000000000000000000000000000000000000000000