000000000000000000000000000000000000000000000000000000000000000000000000000000000000000000000000000000000000000000000000000000000000000000000000000000000000000000000000000000000000000000000000000000000000000000000000
000000000000000000000000000000000000000000000000000000000000000000000000000000000000000000000000000000000000000000000000000000000000000000000000000000000000000000000000000000000000000000000000000000000000000000000000
000000000000000000000000000000000000000000000000000000000000000000000000000000000000000000000000000000000000000000000000000000000000000000000000000000000000000000000000000000000000000000000000000000000000000000000000
000000000000000000000000000000000000000000000000000000000000000000000000000000000000000000000000000000000000000000000000000000000000000000000000000000000000000000000000000000000000000000000000000000000000000000000000
000000000000000000000000000000000000000000000000000000000000000000000000000000000000000000000000000000000000000000000000000000000000000000000000000000000000000000000000000000000000000000000000000000000000000000000000
000000000000000000000000000000000000000000000000000000000000000000000000000000000000000000000000000000000000000000000000000000000000000000000000000000000000000000000000000000000000000000000000000000000000000000000000
000000000000000000000000000000000000000000000000000000000000000000000000000000000000000000000000000000000000000000000000000000000000000000000000000000000000000000000000000000000000000000000000000000000000000000000000
000000000000000000000000000000000000000000000000000000000000000000000000000000000000000000000000000000000000000000000000000000000000000000000000000000000000000000000000000000000000000000000000000000000000000000000000
000000000000000000000000000000000000000000000000000000000000000000000000000000000000000000000000000000000000000000000000000000000000000000000000000000000000000000000000000000000000000000000000000000000000000000000000
000000000000000000000000000000000000000000000000000000000000000000000000000000000000000000000000000000000000000000000000000000000000000000000000000000000000000000000000000000000000000000000000000000000000000000000000
000000000000000000000000000000000000000000000000000000000000000000000000000000000000000000000000000000000000000000000000000000000000000000000000000000000000000000000000000000000000000000000000000000000000000000000000
000000000000000000000000000000000000000000000000000000000000000000000000000000000000000000000000000000000000000000000000000000000000000000000000000000000000000000000000000000000000000000000000000000000000000000000000
000000000000000000000000000000000000000000000000000000000000000000000000000000000000000000000000000000000000000000000000000000000000000000000000000000000000000000000000000000000000000000000000000000000000000000000000
111111111111111111111111111111111111111111111111111111111111111111111111111111111111111111111111111111111111111111111111111111111111111111111111111111111111111111111111111111111111111111111111111111111111111111111111
111111111111111111111111111111111111111111111111111111111111111111111111111111111111111111111111111111111111111111111111111111111111111111111111111111111111111111111111111111111111111111111111111111111111111111111111
111111111111111111111111111111111111111111111111111111111111111111111111111111111111111111111111111111111111111111111111111111111111111111111111111111111111111111111111111111111111111111111111111111111111111111111111
111111111111111111111111111111111111111111111111111111111111111111111111111111111111111111111111111111111111111111111111111111111111111111111111111111111111111111111111111111111111111111111111111111111111111111111111
111111111111111111111111111111111111111111111111111111111111111111111111111111111111111111111111111111111111111111111111111111111111111111111111111111111111111111111111111111111111111111111111111111111111111111111111
111111111111111111111111111111111111111111111111111111111111111111111111111111111111111111111111111111111111111111111111111111111111111111111111111111111111111111111111111111111111111111111111111111111111111111111111
111111111111111111111111111111111111111111111111111111111111111111111111111111111111111111111111111111111111111111111111111111111111111111111111111111111111111111111111111111111111111111111111111111111111111111111111
111111111111111111111111111111111111111111111111111111111111111111111111111111111111111111111111111111111111111111111111111111111111111111111111111111111111111111111111111111111111111111111111111111111111111111111111
111111111111111111111111111111111111111111111111111111111111111111111111111111111111111111111111111111111111111111111111111111111111111111111111111111111111111111111111111111111111111111111111111111111111111111111111
111111111111111111111111111111111111111111111111111111111111111111111111111111111111111111111111111111111111111111111111111111111111111111111111111111111111111111111111111111111111111111111111111111111111111111111111
111111111111111111111111111111111111111111111111111111111111111111111111111111111111111111111111111111111111111111111111111111111111111111111111111111111111111111111111111111111111111111111111111111111111111111111111
111111111111111111111111111111111111111111111111111111111111111111111111111111111111111111111111111111111111111111111111111111111111111111111111111111111111111111111111111111111111111111111111111111111111111111111111
111111111111111111111111111111111111111111111111111111111111111111111111111111111111111111111111111111111111111111111111111111111111111111111111111111111111111111111111111111111111111111111111111111111111111111111111
111111111111111111111111111111111111111111111111111111111111111111111111111111111111111111111111111111111111111111111111111111111111111111111111111111111111111111111111111111111111111111111111111111111111111111111111
111111111111111111111111111111111111111111111111111111111111111111111111111111111111111111111111111111111111111111111111111111111111111111111111111111111111111111111111111111111111111111111111111111111111111111111111
111111111111111111111111111111111111111111111111111111111111111111111111111111111111111111111111111111111111111111111111111111111111111111111111111111111111111111111111111111111111111111111111111111111111111111111111
111111111111111111111111111111111111111111111111111111111111111111111111111111111111111111111111111111111111111111111111111111111111111111111111111111111111111111111111111111111111111111111111111111111111111111111111
111111111111111111111111111111111111111111111111111111111111111111111111111111111111111111111111111111111111111111111111111111111111111111111111111111111111111111111111111111111111111111111111111111111111111111111111
000000000000000000000000000000000000000000111111111111111111111111000000000000000000000000000000000000000000000000000000000000000000000000000000000000000000000000000000000000000000000000000000000000000000000000000000
000000000000000000000000000000000000000000111111111111111111111111000000000000000000000000000000000000000000000000000000000000000000000000000000000000000000000000000000000000000000000000000000000000000000000000000000
000000000000000000000000000000000000000000111111111111111111111111000000000000000000000000000000000000000000000000000000000000000000000000000000000000000000000000000000000000000000000000000000000000000000000000000000
000000000000000000000000000000000000000000111111111111111111111111000000000000000000000000000000000000000000000000000000000000000000000000000000000000000000000000000000000000000000000000000000000000000000000000000000
000000000000000000000000000000000000000000111111111111111111111111000000000000000000000000000000000000000000000000000000000000000000000000000000000000000000000000000000000000000000000000000000000000000000000000000000
000000000000000000000000000000000000000000111111111111111111111111000000000000000000000000000000000000000000000000000000000000000000000000000000000000000000000000000000000000000000000000000000000000000000000000000000
000000000000000000000000000000000000000000111111111111111111111111000000000000000000000000000000000000000000000000000000000000000000000000000000000000000000000000000000000000000000000000000000000000000000000000000000
000000000000000000000000000000000000000000111111111111111111111111000000000000000000000000000000000000000000000000000000000000000000000000000000000000000000000000000000000000000000000000000000000000000000000000000000
000000000000000000000000000000000000000000111111111111111111111111000000000000000000000000000000000000000000000000000000000000000000000000000000000000000000000000000000000000000000000000000000000000000000000000000000
000000000000000000000000000000000000000000111111111111111111111111000000000000000000000000000000000000000000000000000000000000000000000000000000000000000000000000000000000000000000000000000000000000000000000000000000
000000000000000000000000000000000000000000111111111111111111111111000000000000000000000000000000000000000000000000000000000000000000000000000000000000000000000000000000000000000000000000000000000000000000000000000000
000000000000000000000000000000000000000000111111111111111111111111000000000000000000000000000000000000000000000000000000000000000000000000000000000000000000000000000000000000000000000000000000000000000000000000000000
000000000000000000000000000000000000000000111111111111111111111111000002222222222222222222200000000000000000000000000000000004444444444444444444400000000000000000000000000000000000000000000000000000000000000000000000
000000000000000000000000000000000000000000111111111111111111111111000002222222222222222222200000000000000000000000000000000004444444444444444444400000000000000000000000000000000000000000000000000000000000000000000000
000000000000000000000000000000000000000000111111111111111111111111000002222222222222222222200000000000000000000000000000000004444444444444444444400000000000000000000000000000000000000000000000000000000000000000000000
000000000000000000000000000000000000000000111111111111111111111111000002222222222222222222200000000000000000000000000000000004444444444444444444400000000000000000000000000000000000000000000000000000000000000000000000
000000000000000000000000000000000000000000111111111111111111111111000002222222222222222222200000000000000000000000000000000004444444444444444444400000000000000000000000000000000000000000000000000000000000000000000000
000000000000000000000000000000000000000000111111111111111111111111000002222222222222222222200000333333333333333333333333000004444444444444444444400000555555555555555555555555000000000000000000000000000000000000000000
000000000000000000000000000000000000000000111111111111111111111111000002222222222222222222200000333333333333333333333333000004444444444444444444400000555555555555555555555555000000000000000000000000000000000000000000
000000000000000000000000000000000000000000111111111111111111111111000002222222222222222222200000333333333333333333333333000004444444444444444444400000555555555555555555555555000000000000000000000000000000000000000000
000000000000000000000000000000000000000000111111111111111111111111000002222222222222222222200000333333333333333333333333000004444444444444444444400000555555555555555555555555000000000000000000000000000000000000000000
000000000000000000000000000000000000000000111111111111111111111111000002222222222222222222200000333333333333333333333333000004444444444444444444400000555555555555555555555555000000000000000000000000000000000000000000
000000000000000000000000000000000000000000111111111111111111111111000002222222222222222222200000333333333333333333333333000004444444444444444444400000555555555555555555555555000000000000000000000000000000000000000000
000000000000000000000000000000000000000000111111111111111111111111000002222222222222222222200000333333333333333333333333000004444444444444444444400000555555555555555555555555000000000000000000000000000000000000000000
000000000000000000000000000000000000000000111111111111111111111111000002222222222222222222200000333333333333333333333333000004444444444444444444400000555555555555555555555555000000000000000000000000000000000000000000
000000000000000000000000000000000000000000111111111111111111111111000002222222222222222222200000333333333333333333333333000004444444444444444444400000555555555555555555555555000000000000000000000000000000000000000000
000000000000000000000000000000000000000000111111111111111111111111000002222222222222222222200000333333333333333333333333000004444444444444444444400000555555555555555555555555000000000000000000000000000000000000000000
000000000000000000000000000000000000000000111111111111111111111111000002222222222222222222200000333333333333333333333333000004444444444444444444400000555555555555555555555555000000000000000000000000000000000000000000
000000000000000000000000000000000000000000111111111111111111111111000002222222222222222222200000333333333333333333333333000004444444444444444444400000555555555555555555555555000000000000000000000000000000000000000000
000000000000000000000000000000000000000000111111111111111111111111000002222222222222222222200000333333333333333333333333000004444444444444444444400000555555555555555555555555000000000000000000000000000000000000000000
000000000000000000000000000000000000000000111111111111111111111111000002222222222222222222200000333333333333333333333333000004444444444444444444400000555555555555555555555555000000000000000000000000000000000000000000
000000000000000000000000000000000000000000111111111111111111111111000002222222222222222222200000333333333333333333333333000004444444444444444444400000555555555555555555555555000000000000000000000000000000000000000000
000000000000000000000000000000000000000000111111111111111111111111000002222222222222222222200000333333333333333333333333000004444444444444444444400000555555555555555555555555000000000000000000000000000000000000000000
000000000000000000000000000000000000000000111111111111111111111111000002222222222222222222200000333333333333333333333333000004444444444444444444400000555555555555555555555555000000000000000000000000000000000000000000
000000000000000000000000000000000000000000111111111111111111111111000002222222222222222222200000333333333333333333333333000004444444444444444444400000555555555555555555555555000000000000000000000000000000000000000000
000000000000000000000000000000000000000000111111111111111111111111000002222222222222222222200000333333333333333333333333000004444444444444444444400000555555555555555555555555000000000000000000000000000000000000000000
000000000000000000000000000000000000000000111111111111111111111111000002222222222222222222200000333333333333333333333333000004444444444444444444400000555555555555555555555555000000000000000000000000000000000000000000
000000000000000000000000000000000000000000111111111111111111111111000002222222222222222222200000333333333333333333333333000004444444444444444444400000555555555555555555555555000000000000000000000000000000000000000000
000000000000000000000000000000000000000000111111111111111111111111000002222222222222222222200000333333333333333333333333000004444444444444444444400000555555555555555555555555000000000000000000000000000000000000000000
000000000000000000000000000000000000000000111111111111111111111111000002222222222222222222200000333333333333333333333333000004444444444444444444400000555555555555555555555555000000000000000000000000000000000000000000
000000000000000000000000000000000000000000111111111111111111111111000002222222222222222222200000333333333333333333333333000004444444444444444444400000555555555555555555555555000000000000000000000000000000000000000000
000000000000000000000000000000000000000000111111111111111111111111000002222222222222222222200000333333333333333333333333000004444444444444444444400000555555555555555555555555000000000000000000000000000000000000000000
000000000000000000000000000000000000000000111111111111111111111111000002222222222222222222200000333333333333333333333333000004444444444444444444400000555555555555555555555555000000000000000000000000000000000000000000
000000000000000000000000000000000000000000111111111111111111111111000002222222222222222222200000333333333333333333333333000004444444444444444444400000555555555555555555555555000000000000000000000000000000000000000000
000000000000000000000000000000000000000000111111111111111111111111000002222222222222222222200000333333333333333333333333000004444444444444444444400000555555555555555555555555000000000000000000000000000000000000000000
000000000000000000000000000000000000000000111111111111111111111111000002222222222222222222200000333333333333333333333333000004444444444444444444400000555555555555555555555555000000000000000000000000000000000000000000
000000000000000000000000000000000000000000111111111111111111111111000002222222222222222222200000333333333333333333333333000004444444444444444444400000555555555555555555555555000000000000000000000000000000000000000000
000000000000000000000000000000000000000000111111111111111111111111000002222222222222222222200000333333333333333333333333000004444444444444444444400000555555555555555555555555000000000000000000000000000000000000000000
000000000000000000000000000000000000000000111111111111111111111111000002222222222222222222200000333333333333333333333333000004444444444444444444400000555555555555555555555555000000000000000000000000000000000000000000
000000000000000000000000000000000000000000111111111111111111111111000002222222222222222222200000333333333333333333333333000004444444444444444444400000555555555555555555555555000000000000000000000000000000000000000000
000000000000000000000000000000000000000000111111111111111111111111000002222222222222222222200000333333333333333333333333000004444444444444444444400000555555555555555555555555000000000000000000000000000000000000000000
000000000000000000000000000000000000000000111111111111111111111111000002222222222222222222200000333333333333333333333333000004444444444444444444400000555555555555555555555555000000000000000000000000000000000000000000
000000000000000000000000000000000000000000111111111111111111111111000002222222222222222222200000333333333333333333333333000004444444444444444444400000555555555555555555555555000000000000000000000000000000000000000000
000000000000000000000000000000000000000000111111111111111111111111000002222222222222222222200000333333333333333333333333000004444444444444444444400000555555555555555555555555000000000000000000000000000000000000000000
000000000000000000000000000000000000000000111111111111111111111111000002222222222222222222200000333333333333333333333333000004444444444444444444400000555555555555555555555555000000000000000000000000000000000000000000
000000000000000000000000000000000000000000111111111111111111111111000002222222222222222222200000333333333333333333333333000004444444444444444444400000555555555555555555555555000000000000000000000000000000000000000000
000000000000000000000000000000000000000000111111111111111111111111000002222222222222222222200000333333333333333333333333000004444444444444444444400000555555555555555555555555000000000000000000000000000000000000000000
000000000000000000000000000000000000000000111111111111111111111111000002222222222222222222200000333333333333333333333333000004444444444444444444400000555555555555555555555555000000000000000000000000000000000000000000
000000000000000000000000000000000000000000111111111111111111111111000002222222222222222222200000333333333333333333333333000004444444444444444444400000555555555555555555555555000000000000000000000000000000000000000000
000000000000000000000000000000000000000000111111111111111111111111000002222222222222222222200000333333333333333333333333000004444444444444444444400000555555555555555555555555000000000000000000000000000000000000000000
000000000000000000000000000000000000000000111111111111111111111111000002222222222222222222200000333333333333333333333333000004444444444444444444400000555555555555555555555555000000000000000000000000000000000000000000
000000000000000000000000000000000000000000111111111111111111111111000002222222222222222222200000333333333333333333333333000004444444444444444444400000555555555555555555555555000000000000000000000000000000000000000000
000000000000000000000000000000000000000000111111111111111111111111000002222222222222222222200000333333333333333333333333000004444444444444444444400000555555555555555555555555000000000000000000000000000000000000000000
000000000000000000000000000000000000000000111111111111111111111111000002222222222222222222200000333333333333333333333333000004444444444444444444400000555555555555555555555555000000000000000000000000000000000000000000
000000000000000000000000000000000000000000111111111111111111111111000002222222222222222222200000333333333333333333333333000004444444444444444444400000555555555555555555555555000000000000000000000000000000000000000000
000000000000000000000000000000000000000000111111111111111111111111000002222222222222222222200000333333333333333333333333000004444444444444444444400000555555555555555555555555000000000000000000000000000000000000000000
000000000000000000000000000000000000000000111111111111111111111111000002222222222222222222200000333333333333333333333333000004444444444444444444400000555555555555555555555555000000000000000000000000000000000000000000
000000000000000000000000000000000000000000111111111111111111111111000002222222222222222222200000333333333333333333333333000004444444444444444444400000555555555555555555555555000000000000000000000000000000000000000000
000000000000000000000000000000000000000000111111111111111111111111000002222222222222222222200000333333333333333333333333000004444444444444444444400000555555555555555555555555000000000000000000000000000000000000000000
000000000000000000000000000000000000000000111111111111111111111111000002222222222222222222200000333333333333333333333333000004444444444444444444400000555555555555555555555555000000000000000000000000000000000000000000
000000000000000000000000000000000000000000111111111111111111111111000002222222222222222222200000333333333333333333333333000004444444444444444444400000555555555555555555555555000000000000000000000000000000000000000000
000000000000000000000000000000000000000000111111111111111111111111000002222222222222222222200000333333333333333333333333000004444444444444444444400000555555555555555555555555000000000000000000000000000000000000000000
000000000000000000000000000000000000000000111111111111111111111111000002222222222222222222200000333333333333333333333333000004444444444444444444400000555555555555555555555555000000000000000000000000000000000000000000
000000000000000000000000000000000000000000111111111111111111111111000002222222222222222222200000333333333333333333333333000004444444444444444444400000555555555555555555555555000000000000000000000000000000000000000000
000000000000000000000000000000000000000000111111111111111111111111000002222222222222222222200000333333333333333333333333000004444444444444444444400000555555555555555555555555000000000000000000000000000000000000000000
000000000000000000000000000000000000000000111111111111111111111111000002222222222222222222200000333333333333333333333333000004444444444444444444400000555555555555555555555555000000000000000000000000000000000000000000
000000000000000000000000000000000000000000111111111111111111111111000002222222222222222222200000333333333333333333333333000004444444444444444444400000555555555555555555555555000000000000000000000000000000000000000000
000000000000000000000000000000000000000000111111111111111111111111000002222222222222222222200000333333333333333333333333000004444444444444444444400000555555555555555555555555000000000000000000000000000000000000000000
000000000000000000000000000000000000000000111111111111111111111111000002222222222222222222200000333333333333333333333333000004444444444444444444400000555555555555555555555555000000000000000000000000000000000000000000
000000000000000000000000000000000000000000111111111111111111111111000002222222222222222222200000333333333333333333333333000004444444444444444444400000555555555555555555555555000000000000000000000000000000000000000000
000000000000000000000000000000000000000000111111111111111111111111000002222222222222222222200000333333333333333333333333000004444444444444444444400000555555555555555555555555000000000000000000000000000000000000000000
000000000000000000000000000000000000000000111111111111111111111111000002222222222222222222200000333333333333333333333333000004444444444444444444400000555555555555555555555555000000000000000000000000000000000000000000
000000000000000000000000000000000000000000111111111111111111111111000002222222222222222222200000333333333333333333333333000004444444444444444444400000555555555555555555555555000000000000000000000000000000000000000000
000000000000000000000000000000000000000000111111111111111111111111000002222222222222222222200000333333333333333333333333000004444444444444444444400000555555555555555555555555000000000000000000000000000000000000000000
000000000000000000000000000000000000000000111111111111111111111111000002222222222222222222200000333333333333333333333333000004444444444444444444400000555555555555555555555555000000000000000000000000000000000000000000
000000000000000000000000000000000000000000111111111111111111111111000002222222222222222222200000333333333333333333333333000004444444444444444444400000555555555555555555555555000000000000000000000000000000000000000000
000000000000000000000000000000000000000000111111111111111111111111000002222222222222222222200000333333333333333333333333000004444444444444444444400000555555555555555555555555000000000000000000000000000000000000000000
000000000000000000000000000000000000000000111111111111111111111111000002222222222222222222200000333333333333333333333333000004444444444444444444400000555555555555555555555555000000000000000000000000000000000000000000
000000000000000000000000000000000000000000111111111111111111111111000002222222222222222222200000333333333333333333333333000004444444444444444444400000555555555555555555555555000000000000000000000000000000000000000000
000000000000000000000000000000000000000000111111111111111111111111000002222222222222222222200000333333333333333333333333000004444444444444444444400000555555555555555555555555000000000000000000000000000000000000000000
000000000000000000000000000000000000000000111111111111111111111111000002222222222222222222200000333333333333333333333333000004444444444444444444400000555555555555555555555555000000000000000000000000000000000000000000
000000000000000000000000000000000000000000111111111111111111111111000002222222222222222222200000333333333333333333333333000004444444444444444444400000555555555555555555555555000000000000000000000000000000000000000000
000000000000000000000000000000000000000000111111111111111111111111000002222222222222222222200000333333333333333333333333000004444444444444444444400000555555555555555555555555000000000000000000000000000000000000000000
000000000000000000000000000000000000000000111111111111111111111111000002222222222222222222200000333333333333333333333333000004444444444444444444400000555555555555555555555555000000000000000000000000000000000000000000
000000000000000000000000000000000000000000111111111111111111111111000002222222222222222222200000333333333333333333333333000004444444444444444444400000555555555555555555555555000000000000000000000000000000000000000000
000000000000000000000000000000000000000000111111111111111111111111000002222222222222222222200000333333333333333333333333000004444444444444444444400000555555555555555555555555000000000000000000000000000000000000000000
000000000000000000000000000000000000000000111111111111111111111111000002222222222222222222200000333333333333333333333333000004444444444444444444400000555555555555555555555555000000000000000000000000000000000000000000
000000000000000000000000000000000000000000111111111111111111111111000002222222222222222222200000333333333333333333333333000004444444444444444444400000555555555555555555555555000000000000000000000000000000000000000000
000000000000000000000000000000000000000000111111111111111111111111000002222222222222222222200000000000000000000000000000000004444444444444444444400000000000000000000000000000000000000000000000000000000000000000000000
000000000000000000000000000000000000000000000000000000000000000000000002222222222222222222200000000000000000000000000000000004444444444444444444400000000000000000000000000000000000000000000000000000000000000000000000
000000000000000000000000000000000000000000000000000000000000000000000002222222222222222222200000000000000000000000000000000004444444444444444444400000000000000000000000000000000000000000000000000000000000000000000000
000000000000000000000000000000000000000000000000000000000000000000000002222222222222222222200000000000000000000000000000000004444444444444444444400000000000000000000000000000000000000000000000000000000000000000000000
000000000000000000000000000000000000000000000000000000000000000000000002222222222222222222200000000000000000000000000000000004444444444444444444400000000000000000000000000000000000000000000000000000000000000000000000
000000000000000000000000000000000000000000000000000000000000000000000002222222222222222222200000000000000000000000000000000004444444444444444444400000000000000000000000000000000000000000000000000000000000000000000000
000000000000000000000000000000000000000000000000000000000000000000000002222222222222222222200000000000000000000000000000000004444444444444444444400000000000000000000000000000000000000000000000000000000000000000000000
000000000000000000000000000000000000000000000000000000000000000000000002222222222222222222200000000000000000000000000000000004444444444444444444400000000000000000000000000000000000000000000000000000000000000000000000
000000000000000000000000000000000000000000000000000000000000000000000002222222222222222222200000000000000000000000000000000004444444444444444444400000000000000000000000000000000000000000000000000000000000000000000000
000000000000000000000000000000000000000000000000000000000000000000000002222222222222222222200000000000000000000000000000000004444444444444444444400000000000000000000000000000000000000000000000000000000000000000000000
000000000000000000000000000000000000000000000000000000000000000000000002222222222222222222200000000000000000000000000000000004444444444444444444400000000000000000000000000000000000000000000000000000000000000000000000
000000000000000000000000000000000000000000000000000000000000000000000002222222222222222222200000000000000000000000000000000004444444444444444444400000000000000000000000000000000000000000000000000000000000000000000000
000000000000000000000000000000000000000000000000000000000000000000000002222222222222222222200000000000000000000000000000000004444444444444444444400000000000000000000000000000000000000000000000000000000000000000000000
000000000000000000000000000000000000000000000000000000000000000000000002222222222222222222200000000000000000000000000000000004444444444444444444400000000000000000000000000000000000000000000000000000000000000000000000
000000000000000000000000000000000000000000000000000000000000000000000002222222222222222222200000000000000000000000000000000004444444444444444444400000000000000000000000000000000000000000000000000000000000000000000000
000000000000000000000000000000000000000000000000000000000000000000000002222222222222222222200000000000000000000000000000000004444444444444444444400000000000000000000000000000000000000000000000000000000000000000000000
000000000000000000000000000000000000000000000000000000000000000000000002222222222222222222200000000000000000000000000000000004444444444444444444400000000000000000000000000000000000000000000000000000000000000000000000
000000000000000000000000000000000000000000000000000000000000000000000002222222222222222222200000000000000000000000000000000004444444444444444444400000000000000000000000000000000000000000000000000000000000000000000000
000000000000000000000000000000000000000000000000000000000000000000000002222222222222222222200000000000000000000000000000000004444444444444444444400000000000000000000000000000000000000000000000000000000000000000000000
000000000000000000000000000000000000000000000000000000000000000000000002222222222222222222200000000000000000000000000000000004444444444444444444400000000000000000000000000000000000000000000000000000000000000000000000
000000000000000000000000000000000000000000000000000000000000000000000002222222222222222222200000000000000000000000000000000004444444444444444444400000000000000000000000000000000000000000000000000000000000000000000000
000000000000000000000000000000000000000000000000000000000000000000000002222222222222222222200000000000000000000000000000000004444444444444444444400000000000000000000000000000000000000000000000000000000000000000000000
000000000000000000000000000000000000000000000000000000000000000000000002222222222222222222200000000000000000000000000000000004444444444444444444400000000000000000000000000000000000000000000000000000000000000000000000
000000000000000000000000000000000000000000000000000000000000000000000002222222222222222222200000000000000000000000000000000004444444444444444444400000000000000000000000000000000000000000000000000000000000000000000000
000000000000000000000000000000000000000000000000000000000000000000000002222222222222222222200000000000000000000000000000000004444444444444444444400000000000000000000000000000000000000000000000000000000000000000000000
000000000000000000000000000000000000000000000000000000000000000000000002222222222222222222200000000000000000000000000000000004444444444444444444400000000000000000000000000000000000000000000000000000000000000000000000
000000000000000000000000000000000000000000000000000000000000000000000002222222222222222222200000000000000000000000000000000004444444444444444444400000000000000000000000000000000000000000000000000000000000000000000000
000000000000000000000000000000000000000000000000000000000000000000000002222222222222222222200000000000000000000000000000000004444444444444444444400000000000000000000000000000000000000000000000000000000000000000000000
000000000000000000000000000000000000000000000000000000000000000000000002222222222222222222200000000000000000000000000000000004444444444444444444400000000000000000000000000000000000000000000000000000000000000000000000
000000000000000000000000000000000000000000000000000000000000000000000002222222222222222222200000000000000000000000000000000004444444444444444444400000000000000000000000000000000000000000000000000000000000000000000000
000000000000000000000000000000000000000000000000000000000000000000000002222222222222222222200000000000000000000000000000000004444444444444444444400000000000000000000000000000000000000000000000000000000000000000000000
000000000000000000000000000000000000000000000000000000000000000000000002222222222222222222200000000000000000000000000000000004444444444444444444400000000000000000000000000000000000000000000000000000000000000000000000
000000000000000000000000000000000000000000000000000000000000000000000002222222222222222222200000000000000000000000000000000004444444444444444444400000000000000000000000000000000000000000000000000000000000000000000000
000000000000000000000000000000000000000000000000000000000000000000000002222222222222222222200000000000000000000000000000000004444444444444444444400000000000000000000000000000000000000000000000000000000000000000000000
000000000000000000000000000000000000000000000000000000000000000000000002222222222222222222200000000000000000000000000000000004444444444444444444400000000000000000000000000000000000000000000000000000000000000000000000
000000000000000000000000000000000000000000000000000000000000000000000002222222222222222222200000000000000000000000000000000004444444444444444444400000000000000000000000000000000000000000000000000000000000000000000000
000000000000000000000000000000000000000000000000000000000000000000000002222222222222222222200000000000000000000000000000000004444444444444444444400000000000000000000000000000000000000000000000000000000000000000000000
000000000000000000000000000000000000000000000000000000000000000000000002222222222222222222200000000000000000000000000000000004444444444444444444400000000000000000000000000000000000000000000000000000000000000000000000
000000000000000000000000000000000000000000000000000000000000000000000002222222222222222222200000000000000000000000000000000004444444444444444444400000000000000000000000000000000000000000000000000000000000000000000000
000000000000000000000000000000000000000000000000000000000000000000000002222222222222222222200000000000000000000000000000000004444444444444444444400000000000000000000000000000000000000000000000000000000000000000000000
000000000000000000000000000000000000000000000000000000000000000000000002222222222222222222200000000000000000000000000000000004444444444444444444400000000000000000000000000000000000000000000000000000000000000000000000
000000000000000000000000000000000000000000000000000000000000000000000002222222222222222222200000000000000000000000000000000004444444444444444444400000000000000000000000000000000000000000000000000000000000000000000000
000000000000000000000000000000000000000000000000000000000000000000000002222222222222222222200000000000000000000000000000000004444444444444444444400000000000000000000000000000000000000000000000000000000000000000000000
000000000000000000000000000000000000000000000000000000000000000000000002222222222222222222200000000000000000000000000000000004444444444444444444400000000000000000000000000000000000000000000000000000000000000000000000
000000000000000000000000000000000000000000000000000000000000000000000002222222222222222222200000000000000000000000000000000004444444444444444444400000000000000000000000000000000000000000000000000000000000000000000000
000000000000000000000000000000000000000000000000000000000000000000000002222222222222222222200000000000000000000000000000000004444444444444444444400000000000000000000000000000000000000000000000000000000000000000000000
000000000000000000000000000000000000000000000000000000000000000000000002222222222222222222200000000000000000000000000000000004444444444444444444400000000000000000000000000000000000000000000000000000000000000000000000
000000000000000000000000000000000000000000000000000000000000000000000002222222222222222222200000000000000000000000000000000004444444444444444444400000000000000000000000000000000000000000000000000000000000000000000000
000000000000000000000000000000000000000000000000000000000000000000000002222222222222222222200000000000000000000000000000000004444444444444444444400000000000000000000000000000000000000000000000000000000000000000000000
000000000000000000000000000000000000000000000000000000000000000000000002222222222222222222200000000000000000000000000000000004444444444444444444400000000000000000000000000000000000000000000000000000000000000000000000
000000000000000000000000000000000000000000000000000000000000000000000002222222222222222222200000000000000000000000000000000004444444444444444444400000000000000000000000000000000000000000000000000000000000000000000000
000000000000000000000000000000000000000000000000000000000000000000000002222222222222222222200000000000000000000000000000000004444444444444444444400000000000000000000000000000000000000000000000000000000000000000000000
000000000000000000000000000000000000000000000000000000000000000000000002222222222222222222200000000000000000000000000000000004444444444444444444400000000000000000000000000000000000000000000000000000000000000000000000
000000000000000000000000000000000000000000000000000000000000000000000002222222222222222222200000000000000000000000000000000004444444444444444444400000000000000000000000000000000000000000000000000000000000000000000000
000000000000000000000000000000000000000000666666666666666666666666000002222222222222222222200000555555555555555555555555000004444444444444444444400000666666666666666666666666000000000000000000000000000000000000000000
000000000000000000000000000000000000000000666666666666666666666666000002222222222222222222200000555555555555555555555555000004444444444444444444400000666666666666666666666666000000000000000000000000000000000000000000
000000000000000000000000000000000000000000666666666666666666666666000002222222222222222222200000555555555555555555555555000004444444444444444444400000666666666666666666666666000000000000000000000000000000000000000000
000000000000000000000000000000000000000000666666666666666666666666000002222222222222222222200000555555555555555555555555000004444444444444444444400000666666666666666666666666000000000000000000000000000000000000000000
000000000000000000000000000000000000000000666666666666666666666666000002222222222222222222200000555555555555555555555555000004444444444444444444400000666666666666666666666666000000000000000000000000000000000000000000
000000000000000000000000000000000000000000666666666666666666666666000002222222222222222222200000555555555555555555555555000004444444444444444444400000666666666666666666666666000000000000000000000000000000000000000000
000000000000000000000000000000000000000000666666666666666666666666000002222222222222222222200000555555555555555555555555000004444444444444444444400000666666666666666666666666000000000000000000000000000000000000000000
000000000000000000000000000000000000000000666666666666666666666666000002222222222222222222200000555555555555555555555555000004444444444444444444400000666666666666666666666666000000000000000000000000000000000000000000
000000000000000000000000000000000000000000666666666666666666666666000002222222222222222222200000555555555555555555555555000004444444444444444444400000666666666666666666666666000000000000000000000000000000000000000000
000000000000000000000000000000000000000000666666666666666666666666000002222222222222222222200000555555555555555555555555000004444444444444444444400000666666666666666666666666000000000000000000000000000000000000000000
000000000000000000000000000000000000000000666666666666666666666666000002222222222222222222200000555555555555555555555555000004444444444444444444400000666666666666666666666666000000000000000000000000000000000000000000
000000000000000000000000000000000000000000666666666666666666666666000002222222222222222222200000555555555555555555555555000004444444444444444444400000666666666666666666666666000000000000000000000000000000000000000000
000000000000000000000000000000000000000000666666666666666666666666000002222222222222222222200000555555555555555555555555000004444444444444444444400000666666666666666666666666000000000000000000000000000000000000000000
000000000000000000000000000000000000000000666666666666666666666666000002222222222222222222200000555555555555555555555555000004444444444444444444400000666666666666666666666666000000000000000000000000000000000000000000
000000000000000000000000000000000000000000666666666666666666666666000002222222222222222222200000555555555555555555555555000004444444444444444444400000666666666666666666666666000000000000000000000000000000000000000000
000000000000000000000000000000000000000000666666666666666666666666000002222222222222222222200000555555555555555555555555000004444444444444444444400000666666666666666666666666000000000000000000000000000000000000000000
000000000000000000000000000000000000000000666666666666666666666666000002222222222222222222200000555555555555555555555555000004444444444444444444400000666666666666666666666666000000000000000000000000000000000000000000
000000000000000000000000000000000000000000666666666666666666666666000002222222222222222222200000555555555555555555555555000004444444444444444444400000666666666666666666666666000000000000000000000000000000000000000000
000000000000000000000000000000000000000000666666666666666666666666000002222222222222222222200000555555555555555555555555000004444444444444444444400000666666666666666666666666000000000000000000000000000000000000000000
000000000000000000000000000000000000000000666666666666666666666666000002222222222222222222200000555555555555555555555555000004444444444444444444400000666666666666666666666666000000000000000000000000000000000000000000
000000000000000000000000000000000000000000666666666666666666666666000002222222222222222222200000555555555555555555555555000004444444444444444444400000666666666666666666666666000000000000000000000000000000000000000000
000000000000000000000000000000000000000000666666666666666666666666000002222222222222222222200000555555555555555555555555000004444444444444444444400000666666666666666666666666000000000000000000000000000000000000000000
000000000000000000000000000000000000000000666666666666666666666666000002222222222222222222200000555555555555555555555555000004444444444444444444400000666666666666666666666666000000000000000000000000000000000000000000
000000000000000000000000000000000000000000666666666666666666666666000002222222222222222222200000555555555555555555555555000004444444444444444444400000666666666666666666666666000000000000000000000000000000000000000000
000000000000000000000000000000000000000000666666666666666666666666000002222222222222222222200000555555555555555555555555000004444444444444444444400000666666666666666666666666000000000000000000000000000000000000000000
000000000000000000000000000000000000000000666666666666666666666666000002222222222222222222200000555555555555555555555555000004444444444444444444400000666666666666666666666666000000000000000000000000000000000000000000
000000000000000000000000000000000000000000666666666666666666666666000002222222222222222222200000555555555555555555555555000004444444444444444444400000666666666666666666666666000000000000000000000000000000000000000000
000000000000000000000000000000000000000000666666666666666666666666000002222222222222222222200000555555555555555555555555000004444444444444444444400000666666666666666666666666000000000000000000000000000000000000000000
000000000000000000000000000000000000000000666666666666666666666666000002222222222222222222200000555555555555555555555555000004444444444444444444400000666666666666666666666666000000000000000000000000000000000000000000
000000000000000000000000000000000000000000666666666666666666666666000002222222222222222222200000555555555555555555555555000004444444444444444444400000666666666666666666666666000000000000000000000000000000000000000000
000000000000000000000000000000000000000000666666666666666666666666000002222222222222222222200000555555555555555555555555000004444444444444444444400000666666666666666666666666000000000000000000000000000000000000000000
000000000000000000000000000000000000000000666666666666666666666666000002222222222222222222200000555555555555555555555555000004444444444444444444400000666666666666666666666666000000000000000000000000000000000000000000
000000000000000000000000000000000000000000666666666666666666666666000002222222222222222222200000555555555555555555555555000004444444444444444444400000666666666666666666666666000000000000000000000000000000000000000000
000000000000000000000000000000000000000000666666666666666666666666000002222222222222222222200000555555555555555555555555000004444444444444444444400000666666666666666666666666000000000000000000000000000000000000000000
000000000000000000000000000000000000000000666666666666666666666666000002222222222222222222200000555555555555555555555555000004444444444444444444400000666666666666666666666666000000000000000000000000000000000000000000
000000000000000000000000000000000000000000666666666666666666666666000002222222222222222222200000555555555555555555555555000004444444444444444444400000666666666666666666666666000000000000000000000000000000000000000000
000000000000000000000000000000000000000000666666666666666666666666000002222222222222222222200000555555555555555555555555000004444444444444444444400000666666666666666666666666000000000000000000000000000000000000000000
000000000000000000000000000000000000000000666666666666666666666666000002222222222222222222200000555555555555555555555555000004444444444444444444400000666666666666666666666666000000000000000000000000000000000000000000
000000000000000000000000000000000000000000666666666666666666666666000002222222222222222222200000555555555555555555555555000004444444444444444444400000666666666666666666666666000000000000000000000000000000000000000000
000000000000000000000000000000000000000000666666666666666666666666000002222222222222222222200000555555555555555555555555000004444444444444444444400000666666666666666666666666000000000000000000000000000000000000000000
000000000000000000000000000000000000000000666666666666666666666666000002222222222222222222200000555555555555555555555555000004444444444444444444400000666666666666666666666666000000000000000000000000000000000000000000
000000000000000000000000000000000000000000666666666666666666666666000002222222222222222222200000555555555555555555555555000004444444444444444444400000666666666666666666666666000000000000000000000000000000000000000000
000000000000000000000000000000000000000000666666666666666666666666000002222222222222222222200000555555555555555555555555000004444444444444444444400000666666666666666666666666000000000000000000000000000000000000000000
000000000000000000000000000000000000000000666666666666666666666666000002222222222222222222200000555555555555555555555555000004444444444444444444400000666666666666666666666666000000000000000000000000000000000000000000
000000000000000000000000000000000000000000666666666666666666666666000002222222222222222222200000555555555555555555555555000004444444444444444444400000666666666666666666666666000000000000000000000000000000000000000000
000000000000000000000000000000000000000000666666666666666666666666000002222222222222222222200000555555555555555555555555000004444444444444444444400000666666666666666666666666000000000000000000000000000000000000000000
000000000000000000000000000000000000000000666666666666666666666666000002222222222222222222200000555555555555555555555555000004444444444444444444400000666666666666666666666666000000000000000000000000000000000000000000
000000000000000000000000000000000000000000666666666666666666666666000002222222222222222222200000555555555555555555555555000004444444444444444444400000666666666666666666666666000000000000000000000000000000000000000000
000000000000000000000000000000000000000000666666666666666666666666000002222222222222222222200000555555555555555555555555000004444444444444444444400000666666666666666666666666000000000000000000000000000000000000000000
000000000000000000000000000000000000000000666666666666666666666666000002222222222222222222200000555555555555555555555555000004444444444444444444400000666666666666666666666666000000000000000000000000000000000000000000
000000000000000000000000000000000000000000666666666666666666666666000002222222222222222222200000555555555555555555555555000004444444444444444444400000666666666666666666666666000000000000000000000000000000000000000000
000000000000000000000000000000000000000000666666666666666666666666000002222222222222222222200000555555555555555555555555000004444444444444444444400000666666666666666666666666000000000000000000000000000000000000000000
000000000000000000000000000000000000000000666666666666666666666666000002222222222222222222200000555555555555555555555555000004444444444444444444400000666666666666666666666666000000000000000000000000000000000000000000
000000000000000000000000000000000000000000666666666666666666666666000002222222222222222222200000555555555555555555555555000004444444444444444444400000666666666666666666666666000000000000000000000000000000000000000000
000000000000000000000000000000000000000000666666666666666666666666000002222222222222222222200000555555555555555555555555000004444444444444444444400000666666666666666666666666000000000000000000000000000000000000000000
000000000000000000000000000000000000000000666666666666666666666666000002222222222222222222200000555555555555555555555555000004444444444444444444400000666666666666666666666666000000000000000000000000000000000000000000
000000000000000000000000000000000000000000666666666666666666666666000002222222222222222222200000555555555555555555555555000004444444444444444444400000666666666666666666666666000000000000000000000000000000000000000000
000000000000000000000000000000000000000000666666666666666666666666000002222222222222222222200000555555555555555555555555000004444444444444444444400000666666666666666666666666000000000000000000000000000000000000000000
000000000000000000000000000000000000000000666666666666666666666666000002222222222222222222200000555555555555555555555555000004444444444444444444400000666666666666666666666666000000000000000000000000000000000000000000
000000000000000000000000000000000000000000666666666666666666666666000002222222222222222222200000555555555555555555555555000004444444444444444444400000666666666666666666666666000000000000000000000000000000000000000000
000000000000000000000000000000000000000000666666666666666666666666000002222222222222222222200000555555555555555555555555000004444444444444444444400000666666666666666666666666000000000000000000000000000000000000000000
000000000000000000000000000000000000000000666666666666666666666666000002222222222222222222200000555555555555555555555555000004444444444444444444400000666666666666666666666666000000000000000000000000000000000000000000
000000000000000000000000000000000000000000666666666666666666666666000002222222222222222222200000555555555555555555555555000004444444444444444444400000666666666666666666666666000000000000000000000000000000000000000000
000000000000000000000000000000000000000000666666666666666666666666000002222222222222222222200000555555555555555555555555000004444444444444444444400000666666666666666666666666000000000000000000000000000000000000000000
000000000000000000000000000000000000000000666666666666666666666666000002222222222222222222200000555555555555555555555555000004444444444444444444400000666666666666666666666666000000000000000000000000000000000000000000
000000000000000000000000000000000000000000666666666666666666666666000002222222222222222222200000555555555555555555555555000004444444444444444444400000666666666666666666666666000000000000000000000000000000000000000000
000000000000000000000000000000000000000000666666666666666666666666000002222222222222222222200000555555555555555555555555000004444444444444444444400000666666666666666666666666000000000000000000000000000000000000000000
000000000000000000000000000000000000000000666666666666666666666666000002222222222222222222200000555555555555555555555555000004444444444444444444400000666666666666666666666666000000000000000000000000000000000000000000
000000000000000000000000000000000000000000666666666666666666666666000002222222222222222222200000555555555555555555555555000004444444444444444444400000666666666666666666666666000000000000000000000000000000000000000000
000000000000000000000000000000000000000000666666666666666666666666000002222222222222222222200000555555555555555555555555000004444444444444444444400000666666666666666666666666000000000000000000000000000000000000000000
000000000000000000000000000000000000000000666666666666666666666666000002222222222222222222200000555555555555555555555555000004444444444444444444400000666666666666666666666666000000000000000000000000000000000000000000
000000000000000000000000000000000000000000666666666666666666666666000002222222222222222222200000555555555555555555555555000004444444444444444444400000666666666666666666666666000000000000000000000000000000000000000000
000000000000000000000000000000000000000000666666666666666666666666000002222222222222222222200000555555555555555555555555000004444444444444444444400000666666666666666666666666000000000000000000000000000000000000000000
000000000000000000000000000000000000000000666666666666666666666666000002222222222222222222200000555555555555555555555555000004444444444444444444400000666666666666666666666666000000000000000000000000000000000000000000
000000000000000000000000000000000000000000666666666666666666666666000002222222222222222222200000555555555555555555555555000004444444444444444444400000666666666666666666666666000000000000000000000000000000000000000000
000000000000000000000000000000000000000000666666666666666666666666000002222222222222222222200000555555555555555555555555000004444444444444444444400000666666666666666666666666000000000000000000000000000000000000000000
000000000000000000000000000000000000000000666666666666666666666666000002222222222222222222200000555555555555555555555555000004444444444444444444400000666666666666666666666666000000000000000000000000000000000000000000
000000000000000000000000000000000000000000666666666666666666666666000002222222222222222222200000555555555555555555555555000004444444444444444444400000666666666666666666666666000000000000000000000000000000000000000000
000000000000000000000000000000000000000000666666666666666666666666000002222222222222222222200000555555555555555555555555000004444444444444444444400000666666666666666666666666000000000000000000000000000000000000000000
000000000000000000000000000000000000000000666666666666666666666666000002222222222222222222200000555555555555555555555555000004444444444444444444400000666666666666666666666666000000000000000000000000000000000000000000
000000000000000000000000000000000000000000666666666666666666666666000002222222222222222222200000555555555555555555555555000004444444444444444444400000666666666666666666666666000000000000000000000000000000000000000000
000000000000000000000000000000000000000000666666666666666666666666000002222222222222222222200000000000000000000000000000000004444444444444444444400000666666666666666666666666000000000000000000000000000000000000000000
000000000000000000000000000000000000000000666666666666666666666666000002222222222222222222200000000000000000000000000000000004444444444444444444400000666666666666666666666666000000000000000000000000000000000000000000
000000000000000000000000000000000000000000666666666666666666666666000002222222222222222222200000000000000000000000000000000004444444444444444444400000666666666666666666666666000000000000000000000000000000000000000000
000000000000000000000000000000000000000000666666666666666666666666000002222222222222222222200000000000000000000000000000000004444444444444444444400000666666666666666666666666000000000000000000000000000000000000000000
000000000000000000000000000000000000000000666666666666666666666666000002222222222222222222200000000000000000000000000000000004444444444444444444400000666666666666666666666666000000000000000000000000000000000000000000
000000000000000000000000000000000000000000666666666666666666666666000002222222222222222222200000000000000000000000000000000004444444444444444444400000666666666666666666666666000000000000000000000000000000000000000000
000000000000000000000000000000000000000000666666666666666666666666000000000000000000000000000000000000000000000000000000000000000000000000000000000000666666666666666666666666000000000000000000000000000000000000000000
000000000000000000000000000000000000000000666666666666666666666666000000000000000000000000000000000000000000000000000000000000000000000000000000000000666666666666666666666666000000000000000000000000000000000000000000
000000000000000000000000000000000000000000666666666666666666666666000000000000000000000000000000000000000000000000000000000000000000000000000000000000666666666666666666666666000000000000000000000000000000000000000000
000000000000000000000000000000000000000000666666666666666666666666000000000000000000000000000000000000000000000000000000000000000000000000000000000000666666666666666666666666000000000000000000000000000000000000000000
000000000000000000000000000000000000000000666666666666666666666666000000000000000000000000000000000000000000000000000000000000000000000000000000000000666666666666666666666666000000000000000000000000000000000000000000
000000000000000000000000000000000000000000666666666666666666666666000000000000000000000000000000000000000000000000000000000000000000000000000000000000666666666666666666666666000000000000000000000000000000000000000000
000000000000000000000000000000000000000000666666666666666666666666000000000000000000000000000000000000000000000000000000000000000000000000000000000000666666666666666666666666000000000000000000000000000000000000000000
000000000000000000000000000000000000000000666666666666666666666666000000000000000000000000000000000000000000000000000000000000000000000000000000000000666666666666666666666666000000000000000000000000000000000000000000
000000000000000000000000000000000000000000666666666666666666666666000000000000000000000000000000000000000000000000000000000000000000000000000000000000666666666666666666666666000000000000000000000000000000000000000000
000000000000000000000000000000000000000000666666666666666666666666000000000000000000000000000000000000000000000000000000000000000000000000000000000000666666666666666666666666000000000000000000000000000000000000000000
000000000000000000000000000000000000000000666666666666666666666666000000000000000000000000000000000000000000000000000000000000000000000000000000000000666666666666666666666666000000000000000000000000000000000000000000
000000000000000000000000000000000000000000666666666666666666666666000000000000000000000000000000000000000000000000000000000000000000000000000000000000666666666666666666666666000000000000000000000000000000000000000000
000000000000000000000000000000000000000000666666666666666666666666000000000000000000000000000000000000000000000000000000000000000000000000000000000000666666666666666666666666000000000000000000000000000000000000000000
666666666666666666666666666666666666666666666666666666666666666666666666666666666666666666666666666666666666666666666666666666666666666666666666666666666666666666666666666666666666666666666666666666666666666666666666
666666666666666666666666666666666666666666666666666666666666666666666666666666666666666666666666666666666666666666666666666666666666666666666666666666666666666666666666666666666666666666666666666666666666666666666666
666666666666666666666666666666666666666666666666666666666666666666666666666666666666666666666666666666666666666666666666666666666666666666666666666666666666666666666666666666666666666666666666666666666666666666666666
666666666666666666666666666666666666666666666666666666666666666666666666666666666666666666666666666666666666666666666666666666666666666666666666666666666666666666666666666666666666666666666666666666666666666666666666
666666666666666666666666666666666666666666666666666666666666666666666666666666666666666666666666666666666666666666666666666666666666666666666666666666666666666666666666666666666666666666666666666666666666666666666666
666666666666666666666666666666666666666666666666666666666666666666666666666666666666666666666666666666666666666666666666666666666666666666666666666666666666666666666666666666666666666666666666666666666666666666666666
666666666666666666666666666666666666666666666666666666666666666666666666666666666666666666666666666666666666666666666666666666666666666666666666666666666666666666666666666666666666666666666666666666666666666666666666
666666666666666666666666666666666666666666666666666666666666666666666666666666666666666666666666666666666666666666666666666666666666666666666666666666666666666666666666666666666666666666666666666666666666666666666666
666666666666666666666666666666666666666666666666666666666666666666666666666666666666666666666666666666666666666666666666666666666666666666666666666666666666666666666666666666666666666666666666666666666666666666666666
666666666666666666666666666666666666666666666666666666666666666666666666666666666666666666666666666666666666666666666666666666666666666666666666666666666666666666666666666666666666666666666666666666666666666666666666
666666666666666666666666666666666666666666666666666666666666666666666666666666666666666666666666666666666666666666666666666666666666666666666666666666666666666666666666666666666666666666666666666666666666666666666666
666666666666666666666666666666666666666666666666666666666666666666666666666666666666666666666666666666666666666666666666666666666666666666666666666666666666666666666666666666666666666666666666666666666666666666666666
666666666666666666666666666666666666666666666666666666666666666666666666666666666666666666666666666666666666666666666666666666666666666666666666666666666666666666666666666666666666666666666666666666666666666666666666
666666666666666666666666666666666666666666666666666666666666666666666666666666666666666666666666666666666666666666666666666666666666666666666666666666666666666666666666666666666666666666666666666666666666666666666666
666666666666666666666666666666666666666666666666666666666666666666666666666666666666666666666666666666666666666666666666666666666666666666666666666666666666666666666666666666666666666666666666666666666666666666666666
666666666666666666666666666666666666666666666666666666666666666666666666666666666666666666666666666666666666666666666666666666666666666666666666666666666666666666666666666666666666666666666666666666666666666666666666
666666666666666666666666666666666666666666666666666666666666666666666666666666666666666666666666666666666666666666666666666666666666666666666666666666666666666666666666666666666666666666666666666666666666666666666666
666666666666666666666666666666666666666666666666666666666666666666666666666666666666666666666666666666666666666666666666666666666666666666666666666666666666666666666666666666666666666666666666666666666666666666666666
000000000000000000000000000000000000000000000000000000000000000000000000000000000000000000000000000000000000000000000000000000000000000000000000000000000000000000000000000000000000000000000000000000000000000000000000
000000000000000000000000000000000000000000000000000000000000000000000000000000000000000000000000000000000000000000000000000000000000000000000000000000000000000000000000000000000000000000000000000000000000000000000000
000000000000000000000000000000000000000000000000000000000000000000000000000000000000000000000000000000000000000000000000000000000000000000000000000000000000000000000000000000000000000000000000000000000000000000000000
000000000000000000000000000000000000000000000000000000000000000000000000000000000000000000000000000000000000000000000000000000000000000000000000000000000000000000000000000000000000000000000000000000000000000000000000
000000000000000000000000000000000000000000000000000000000000000000000000000000000000000000000000000000000000000000000000000000000000000000000000000000000000000000000000000000000000000000000000000000000000000000000000
000000000000000000000000000000000000000000000000000000000000000000000000000000000000000000000000000000000000000000000000000000000000000000000000000000000000000000000000000000000000000000000000000000000000000000000000
000000000000000000000000000000000000000000000000000000000000000000000000000000000000000000000000000000000000000000000000000000000000000000000000000000000000000000000000000000000000000000000000000000000000000000000000
000000000000000000000000000000000000000000000000000000000000000000000000000000000000000000000000000000000000000000000000000000000000000000000000000000000000000000000000000000000000000000000000000000000000000000000000
000000000000000000000000000000000000000000000000000000000000000000000000000000000000000000000000000000000000000000000000000000000000000000000000000000000000000000000000000000000000000000000000000000000000000000000000
000000000000000000000000000000000000000000000000000000000000000000000000000000000000000000000000000000000000000000000000000000000000000000000000000000000000000000000000000000000000000000000000000000000000000000000000
000000000000000000000000000000000000000000000000000000000000000000000000000000000000000000000000000000000000000000000000000000000000000000000000000000000000000000000000000000000000000000000000000000000000000000000000
000000000000000000000000000000000000000000000000000000000000000000000000000000000000000000000000000000000000000000000000000000000000000000000000000000000000000000000000000000000000000000000000000000000000000000000000
000000000000000000000000000000000000000000000000000000000000000000000000000000000000000000000000000000000000000000000000000000000000000000000000000000000000000000000000000000000000000000000000000000000000000000000000